57JMABBO1011584800  1  171 59 88131171                                          
57JMABBO1010484800  2  168 54 91131168                                          
57JMABBO1010484800  3  164 54 86129164                                          
57JMABBO1010484800  4  169 65 98131169                                          
57JMABBO1010484790  6  186 60 90134169186                                       
57JMABBO1010484790  7  167 54 85130151167                                       
57JMABBO1010484800  8  180 71 91136180                                          
57JMABBO1010484810  9  176 75129176                                             
57JMABBO1010484800 10  182 59 87142182                                          
57JMABBO1010484800 11  187 69 98146187                                          
57JMABBO1010484800 12  178 61100149178                                          
57JMABBO1021084790 13  191 48100123158191                                       
57JMABBO1021084780 14  219 66107152177200219                                    
57JMABBO1021084790 15  211 61105133175211                                       
57JMABBO1021084800 16  172 53 83122172                                          
57JMABBO1021084800 17  176 65 95139176                                          
57JMABBO1030684800 20  213 71113173213                                          
57JMABBO1049984790 21  221 71112164211221                                       
57JMABBO1049984800 22  176 61 93136176                                          
57JMABBO1049984780 23  211 47 78114153188211                                    
57JMABBO1049984790 24  218 63115153199218                                       
57JMABBO1049984790 25  206 80131157184206                                       
57JMABBO1049984800 26  187 58 97139187                                          
57JMABBO1049984800 27  198 61 97146198                                          
57JMABBO1049984780 28  211 54 87139163188211                                    
57JMABBO1049984800 29  193 74100150193                                          
57JMABBO1049984790 30  223 77120158195223                                       
57JMABBO1049984800 31  204 73111157204                                          
57JMABBO1049984810 32  163 84123163                                             
57JMABBO1049984800 33  183 47 83135183                                          
57JMABBO1049984790 34  203 68111147179203                                       
57JMABBO1049984800 35  186 56102147186                                          
57JMABBO1049984790 36  213 72117155196213                                       
57JMABBO1049984800 37  203 63105157203                                          
57JMABBO1049984800 38  196 59 96142196                                          
57JMABBO1049984800 39  183 64 99149183                                          
57JMABBO1049984790 40  226 79110153199226                                       
57JMABBO1049984800 42  173 54 98129173                                          
57JMABBO1049984780 43  209 59 87147171179209                                    
57JMABBO1049984800 44  203 52 84147203                                          
57JMABBO1049984770 45  227 62100153186202219227                                 
57JMABBO1049984800 46  178 77111144178                                          
57JMABBO1049984800 47  214 67102157214                                          
57JMABBO1049984800 48  204 51 82152204                                          
57JMABBO1049984810 49  178 69126178                                             
57JMABBO1049984800 50  195 72101146195                                          
57JMABBO1049984800 51  174 50 92138174                                          
57JMABBO1049984780 52  202 57 84137162188202                                    
57JMABBO1049984800 53  184 55 85145184                                          
57JMABBO1049984800 54  207 68100160207                                          
57JMABBO1049984800 55  200 60 98146200                                          
57JMABBO1049984800 56  193 70113151193                                          
57JMABBO1049984790 57  223 69104152193223                                       
57JMABBO1049984800 60  215 62 99157215                                          
57JMABBO1049984800 61  186 69 91139186                                          
57JMABBO1049984800 62  212 81120165212                                          
57JMABBO1049984810 63  176 75124176                                             
57JMABBO1049984790 64  217 77118144193217                                       
57JMABBO1049984800 65  183 56 88145183                                          
57JMABBO1049984810 66  147 67103147                                             
57JMABBO1049984790 67  189 66120148174189                                       
57JMABBO1049984800 68  170 56 85137170                                          
57JMABBO1049984810 69  162 70128162                                             
57JMABBO1049984810 70  157 65106157                                             
57JMABBO1049984800 71  209 59 84147209                                          
57JMABBO1049984800 72  168 57 89123168                                          
57JMABBO1010384800 73  172 64112139172                                          
57JMABBO1010384780 74  244 69110160190226244                                    
57JMABBO1010384780 75  228 67 93124151194228                                    
57JMABBO1010384800 76 +186 54 86145183                                          
57JMABBO1010384800 77 +189 74108147186                                          
57JMABBO1010384800 78 +187 59 99149184                                          
57JMABBO1010384800 79 +182 58 82134177                                          
57JMABBO1010384800 80 +202 59 93152199                                          
57JMABBO1010384800 82  191 51 83134191                                          
57JMABBO1010284800 83  202 73118159202                                          
57JMABBO1010284780 84  239 55 94156179212239                                    
57JMABBO1010284780 85  214 66102137155191214                                    
57JMABBO1010284800 86 +194 59 97141190                                          
57JMABBO1010284760 88  252 57 99140162201220241252                              
57JMABBO1010484800 90 +178 70125159175                                          
57JMABBO1010484800 91 +161 63 88129158                                          
57JMABBO1010484800 92 +169 58 89137166                                          
57JMABBO1010784800 93  205 85116158205                                          
57JMABBO1010784790 94  211 76109160208211                                       
57JMABBO1010984790 96  218 67110146188218                                       
57JMABBO1010984770 97  236 79117145163210220236                                 
57JMABBO1010984800 98 +200 61 97146197                                          
57JMABBO1011684790 99  212 52 94159190212                                       
57JMABBO1011684780100  223 55 90158191214223                                    
57JMABBO1011184780101  201 59 81121142178201                                    
57JMABBO1011484780102  216 68 90150172202216                                    
57JMABBO1011484780103  234 52 96128180208234                                    
57JMABBO1011484800104 +204 77101135196                                          
57JMABBO1011084790106 +226 70104175202223                                       
57JMABBO1011084800107  197 64 97153197                                          
57JMABBO1011384780108 +234 51 80139172213218                                    
57JMABBO1011384780109  237 62 85163193223237                                    
57JMABBO1011384780110  226 51 77105138191226                                    
57JMABBO1020484800111 +208 65127170205                                          
57JMABBO1020484790112  212 80127155185212                                       
57JMABBO1020484800114  206 69106158206                                          
57JMABBO1020484800115  216 78112165216                                          
57JMABBO1020484780116  227 74106167191214227                                    
57JMABBO1020484770117  219 61104140178188203219                                 
57JMABBO1020484780118 +232 55 88133163205229                                    
57JMABBO1020484780119  218 69102168187200218                                    
57JMABBO1020484760120  252 70106142168212224229252                              
57JMABBO1020484790121  229 76128156211229                                       
57JMABBO1021084790122 +195 70 95116140192                                       
57JMABBO1021084800123  177 54 84135177                                          
57JMABBO1021084800124 +175 55 92145172                                          
57JMABBO1021084800125 +173 60 94139170                                          
57JMABBO1021084810126  171 76128171                                             
57JMABBO1021084800127 +176 53 94135171                                          
57JMABBO1021084800128  171 61106144171                                          
57JMABBO1021084800129 +173 56 91132168                                          
57JMABBO1021084780130  223 65105135168199223                                    
57JMABBO1021084770131  243 62 92124157207226243                                 
57JMABBO1021184780132  231 62 99152179211231                                    
57JMABBO1021184800133 +242 82115187239                                          
57JMABBO1021184790134  218 88159177201218                                       
57JMABBO1021184800135 +201 79107162198                                          
57JMABBO1021184800136  204 75107165204                                          
57JMABBO1021184790138  220 62111178200220                                       
57JMABBO1021484800139 +204 70 94157199                                          
57JMABBO1021484800140  167 56 96131167                                          
57JMABBO1021484800141 +188 52 85140183                                          
57JMABBO1021484800142  162 69 97129162                                          
57JMABBO1021484810143 +161 73112158                                             
57JMABBO1031584800144 +209 76123167206                                          
57JMABBO1030684800145 +186 63 99145183                                          
57JMABBO1030684800146 +184 57 92136181                                          
57JMABBO1030684800147 +198 68104145195                                          
57JMABBO1030684800148 +192 61 89140187                                          
57JMABBO1030684800150 +184 65 90130179                                          
57JMABBO1030684800151 +193 63 97144188                                          
57JMABBO1030684800153 +196 72113159191                                          
57JMABBO1030784790155 +192 56 92135162187                                       
57JMABBO1049984800156 +217 54 86154214                                          
57JMABBO1049984790157  204 71104135175204                                       
57JMABBO1049984800158  186 64 99138186                                          
57JMABBO1049984790159  212 59 96153207212                                       
57JMABBO1049984790160 +195 53 80127167191                                       
57JMABBO1049984810161 +172 78122169                                             
57JMABBO1049984800162 +197 70 98145189                                          
57JMABBO1049984800163  207 77121165207                                          
57JMABBO1049984790164  201 56 94141166201                                       
57JMABBO1049984800165  178 64 96162178                                          
57JMABBO1049984790166  185 62 91134170185                                       
57JMABBO1049984790167  202 53 92151178202                                       
57JMABBO1049984800168  196 67 98139196                                          
57JMABBO1049984800169  194 68 97138194                                          
57JMABBO1049984790170  192 54 94130167192                                       
57JMABBO1049984800171 +174 53 86133171                                          
57JMABBO1049984800172  183 57 96149183                                          
57JMABBO1049984790173  200 73115140174200                                       
57JMABBO1049984780175  209 58 96136171191209                                    
57JMABBO1049984800176  211 65103158211                                          
57JMABBO1049984800177  208 73118168208                                          
57JMABBO1049984790178  205 58 87153187205                                       
57JMABBO1049984800179  188 56 87130188                                          
57JMABBO1049984800180 +209 78119172206                                          
57JMABBO1049984790181 +212 60 94133181209                                       
57JMABBO1049984800182 +190 65 88137185                                          
57JMABBO1049984800184  193 70100146193                                          
57JMABBO1049984800187  190 51 87134190                                          
57JMABBO1049984800188  174 59 83125174                                          
57JMABBO1049984790189  198 66108137175198                                       
57JMABBO1049984790190 +198 56 91153171194                                       
57JMABBO1049984800191 +204 63102143199                                          
57JMABBO1049984810192  157 79114157                                             
57JMABBO1049984800193  154 56 84130154                                          
57JMABBO1049984790194  206 52 88135186206                                       
57JMABBO1049984790195  205 56 86138194205                                       
57JMABBO1049984810196  183 74124183                                             
57JMABBO1049984800197 +191 74125159188                                          
57JMABBO1049984800198  166 56 89127166                                          
57JMABBO1049984790199  198 63102155186198                                       
57JMABBO1049984780200  230 62 90162186207230                                    
57JMABBO1049984790201  203 70113146187203                                       
57JMABBO1049984790202  196 68106138162196                                       
57JMABBO1049984790204  188 60101120140188                                       
