57FMABBO028  74690001 +242 69103146175213
57FMABBO028  74680003 +242 62 97128155188219
57FMABBO028  74680006 +270 74116148187225247
57FMABBO028  74700007 +215 72122177200
57FMABBO028  74690009 +210 57 93127166188
57FMABBO028  74710010 +185 63114156
57FMABBO028  74690011 +235 78113155199221
57FMABBO028  74710012 +175 51 99138
57FMABBO028  74700013 +192 60109139164
57FMABBO028  74700014 +198 63104129167
57FMABBO028  74711015 +180 68129160
57FMABBO028  74710016 +160 57 84129
57FMABBO028  74710017 +175 68111135
57FMABBO028  74710018 +160 59 99122
57FMABBO028  74711021 +160 59107143
57FMABBO028  74710022 +155 60102124
57FMABBO028  74711023 +165 65111139
57FMABBO028  74680025 +250 69108140160183213
57FMABBO028  74680037 +225 59100134160189209
57FMABBO028  74681038 +232 68109133167200221
57FMABBO028  74680039 +242 69 97126166207226
57FMABBO028  74670040 +250 74102133150176206240
57FMABBO028  74680041 +245 62101130168211230
57FMABBO028  74681042 +228 62113139172203224
57FMABBO028  74700043 +220 67112144183
57FMABBO028  74690044 +250 73116140174213
57FMABBO028  74690045 +230 61 98131166205
57FMABBO028  74691046 +220 62117138173203
57FMABBO028  74680048 +223 72103131149186202
57FMABBO028  74660049 +225 61 81128155170187205211
57FMABBO028  74690050 +220 59 88129170202
57FMABBO028  74680051 +223 66110136157190209
57FMABBO028  74701053 +208 73124161192
57FMABBO028  74691054 +197 54 92119145174
57FMABBO028  74690055 +221 69123156196213
57FMABBO028  74701056 +190 54 80119163
57FMABBO028  74690057 +200 64106133159172
57FMABBO028  74710058 +175 67117156
57FMABBO028  74700059 +205 66107149181
57FMABBO028  74710061 +182 59125158
57FMABBO028  74670062 +225 67108145164180203217
57FMABBO028  74711064 +175 58108149
57FMABBO02  174690181 +215 63122158181198
57FMABBO02  174690182 +224 66114160194213
57FMABBO02  174691183 +212 61121146174196
57FMABBO02  174680184 +240 69122145182216237
57FMABBO02  174690186 +218 74111141184201
57FMABBO02  174681187 +230 66121156181204218
57FMABBO02  174690189 +260 63103141176222
57FMABBO02  174680194 +245 71109137172209230
57FMABBO02  174671195 +250 66104136170199218236
57FMABBO028  74680065 +238 65113140171207229
57FMABBO029  74680067 +246 73116150177206225
57FMABBO029  74680068 +253 67114154197223243
57FMABBO09  474680070 +252 63 94119154203233
57FMABBO09  474681071 +245 66109148181206230
57FMABBO09  474691072 +230 64104134178208
57FMABBO09  474690073 +250 75117154201233
57FMABBO09  474700074 +206 61111139175
57FMABBO09  474680075 +250 66116142172208231
57FMABBO09  474680076 +272 65119156181227248
57FMABBO09  474710077 +184 64111145
57FMABBO09  474710078 +170 57110139
57FMABBO09  474710079 +175 57 98129
57FMABBO09  474710081 +170 62104143
57FMABBO09  474721083 +155 68128
57FMABBO09  674680085 +274 52 89140181227250
57FMABBO09  674670086 +250 67112133159196215228
57FMABBO09  674680087 +265 68105144183221242
57FMABBO09  674680088 +265 61111142186228249
57FMABBO09  674680089 +270 68111159189228253
57FMABBO09  674680090 +260 64116160194237248
57FMABBO09  674670091 +284 70110153195219237263
57FMABBO09  674680092 +258 65116141172214242
57FMABBO09  674690093 +223 68120148184207
57FMABBO09  674691094 +217 66 96125152204
57FMABBO09  674681095 +247 69113154184206229
57FMABBO09  674711096 +165 62 90127
57FMABBO09  674710097 +185 65103127
57FMABBO09  774680100 +265 67126157192225248
57FMABBO09  774680101 +250 67112154170205238
57FMABBO09  774680102 +254 66 98125160210238
57FMABBO09  774680103 +252 66106143180221240
57FMABBO09  774680104 +260 60 88128167207242
57FMABBO09  774680105 +238 56 88119158200222
57FMABBO09  774671106 +235 77128149163177190220
57FMABBO09  774670108 +263 69111156177211233249
57FMABBO09  774680109 +240 71114142171207224
57FMABBO09  774690110 +235 64125154194219
57FMABBO09  774680111 +231 67116140173212225
57FMABBO09  774691112 +219 67104134171199
57FMABBO09  774670113 +293 75130173211233259277
57FMABBO09  574690115 +253 66116169214243
57FMABBO09  574680116 +244 56 93123162206226
57FMABBO09  574700117 +203 65110149180
57FMABBO09  574681118 +261 65114154187219245
57FMABBO09  574670120 +267 65 94121151198231251
57FMABBO09  574660121 +244 62 98132170186206225234
57FMABBO09  574700122 +200 61 90133171
57FMABBO09  574690123 +228 64108148190214
57FMABBO09  574690124 +205 65109138174195
57FMABBO09  574691125 +208 66104138164198
57FMABBO09  474670127 +275 78120160184212237254
57FMABBO09  474670128 +260 59 96132156184223245
57FMABBO09  474680129 +280 71125148187226260
57FMABBO09  474680131 +265 67 99130166215254
57FMABBO09  474680133 +292 70115163202240269
57FMABBO09  474680132 +254 56 87124162186220
57FMABBO09  474680134 +250 59 92127151190227
57FMABBO09  474680135 +288 66123160195237265
57FMABBO09  474680136 +257 63 98126171212239
57FMABBO09  474690137 +255 68110148180213
57FMABBO09  474670138 +263 67104153182213236255
57FMABBO09  474690141 +234 70117152197219
57FMABBO09  474680139 +252 65 92121159192221
57FMABBO09  474690140 +256 69122160194226
57FMABBO09  474701142 +218 69115160193
57FMABBO09  474680143 +235 56 84120164189216
57FMABBO09  474690144 +232 62110157200215
57FMABBO09  474690145 +233 62107147191217
57FMABBO09  474690146 +235 57 97130177224
57FMABBO09  474690145 +233 62107147191217
57FMABBO09  474690146 +235 57 97130177224
57FMABBO09  474680147 +224 70121142171195208
57FMABBO09  474690148 +218 68129163190207
57FMABBO09  474691149 +192 62 92136164181
57FMABBO09  474701150 +195 69122157179
57FMABBO09  774680151 +240 79120139170203224
57FMABBO09  774680152 +237 60102134160191219
57FMABBO09  774680154 +245 79122140168208234
57FMABBO09  774690155 +223 71106152191213
57FMABBO09  774691156 +200 59 93121150189
57FMABBO09  774680157 +232 64 97113155195215
57FMABBO09  774680158 +249 74121148179212239
57FMABBO09  774680159 +240 62 96120162203228
57FMABBO09  774710160 +195 60112161
57FMABBO09  774681161 +205 62108121140169195
57FMABBO09  774701162 +195 62128151173
57FMABBO09  774691164 +195 58 94115146170
57FMABBO09  774670165 +270 63 95129158187224251
57FMABBO09  774691166 +207 53110141168189
57FMABBO09  774670167 +260 68110148171198223243
57FMABBO09  774680168 +262 63101128168211235
57FMABBO09  774700169 +215 64104134181
57FMABBO09  774681170 +220 70117138161195214
57FMABBO09  774690171 +237 69128166194222
57FMABBO09  774690172 +230 68120168204223
57FMABBO09  774690173 +247 62123179222237
57FMABBO09  774710174 +198 66104161
57FMABBO09  774680175 +234 56 94141170211223
57FMABBO09  774670176 +250 67117147174203220241
57FMABBO09  774680177 +245 56 88129163199222
57FMABBO09  774680178 +240 65123147184217232
57FMABBO09  774690179 +247 67121165205233
57FMABBO09  774690180 +250 73119151192226
57FMABBO09  474691196 +232 68124159196212
57FMABBO09  474690197 +235 58 92132174208
57FMABBO09  474690198 +233 70116148190212
57FMABBO09  474690199 +193 60106132162177
57FMABBO09  474691200 +220 58100131176208
57FMABBO09  474700201 +218 60 89139180
57FMABBO09  474680202 +265 65113150192232252
57FMABBO09  474711203 +190 68121159
57FMABBO094  74700204 +193 65104146170
57FMABBO094  74690206 +215 63119150183199
57FMABBO094  74701208 +193 60118167186
57FMABBO094  74691207 +204 62101133164185
57FMABBO097  74681221 +225 59 92128148196209
57FMABBO097  74670222 +288 65112139170203243262
57FMABBO097  74690223 +260 69133175217241
57FMABBO097  74680224 +262 63 94131179204232
57FMABBO097  74680225 +230 69119137168204221
57FMABBO097  74690226 +240 66118158200225
57FMABBO097  74691227 +212 63 98133161198
57FMABBO097  74670228 +227 55100121154185203214
57FMABBO097  74670232 +268 64 92123149204242265
57FMABBO094  74701209 +192 50 81109160
57FMABBO09  474701210 +200 67121165176
57FMABBO09  474681212 +242 62115142168204226
57FMABBO09  774670213 +275 63125178205241253262
57FMABBO09  774680215 +238 80127146176209224
57FMABBO09  774680218 +280 66115147187226259
57FMABBO09  774680219 +215 57 96142152185202
57FMABBO09  774681220 +240 62110156190205230
57FMABBO09  774690234 +226 62100146188205
57FMABBO09  774681235 +228 68122151193208216
57FMABBO09  774670236 +250 67100151172192212240
57FMABBO09  774680238 +245 73115142167201222
57FMABBO09  774681239 +200 61102131164184194
57FMABBO09  774691240 +237 71126166201227
57FMABBO09  774690241 +222 68115142180204
57FMABBO09  774681242 +237 76112138171208226
57FMABBO09  774660243 +280 74123158201219242259273
57FMABBO09  774700244 +203 67107160181
57FMABBO09  774680245 +245 77121142164203231
57FMABBO09  774681246 +195 60100128148163180
57FMABBO09  774680247 +226 62 97123157188211
57FMABBO09  774660248 +260 80103168197208222244252
57FMABBO09  774691249 +200 65 99149179191
57FMABBO09  774701250 +184 62 96123157
57FMABBO09  774691251 +208 72125160179198
57FMABBO09  774680252 +245 63110138175212229
57FMABBO09  774680253 +202 64106130151174186
57FMABBO09  774700254 +204 63106151179
57FMABBO09  774670255 +290 68104147202244271288
57FMABBO09  774680256 +235 68112136172205221
57FMABBO09  774681257 +237 73118156193220230
57FMABBO09  774661258 +228 68 99129150168193204221
57FMABBO09  774690260 +220 70123154188210
57FMABBO09  774690261 +215 72126150181202
57FMABBO09  774700262 +195 62103135168
57FMABBO09  474681264 +220 68111134162188208
57FMABBO09  474670266 +270 78125174194212227258
57FMABBO09  474680267 +235 62 91115145185219
57FMABBO09  474681268 +220 57 92132165182199
57FMABBO09  474681271 +225 62 95120151193211
57FMABBO09  474661272 +239 74105140160177200214224
57FMABBO09  474681273 +252 85129148180215238
57FMABBO09  474680274 +263 79128162197226242
57FMABBO09  474670275 +296 69107140182213245270
57FMABBO09  474680276  226 66100139188212226
57FMABBO09  474710277 +220 72135185
57FMABBO09  474691278 +195 71 96132152180
57FMABBO09  474690279 +205 68101131174193
57FMABBO09  474701280 +220 74131167193
57FMABBO09  474691281 +190 60102132167179
57FMABBO09  774690282 +250 73114155200229
57FMABBO09  774680283 +255 63106157184225246
57FMABBO09  774680285 +220 64 98131169186203
57FMABBO09  774680286 +263 63111145184224247
57FMABBO09  774680290 +242 58 86119135206222
57FMABBO09  774691291 +214 63107147184205
57FMABBO09  774660292 +278 66117159184212241254270
57FMABBO09  774691294 +225 79116137187209
57FMABBO09  774701295 +207 68102138184
57FMABBO09  774660297 +280 62107160180198223246263
57FMABBO09  774680298 +295 64104154196226256
57FMABBO09  774690299 +242 62108160193219
57FMABBO09  774690300 +242 73127165197221
57FMABBO09  774671301 +265 61 92141172188209243
57FMABBO09  774681302 +252 53 92132168205226
57FMABBO09  774670303 +230 54 88137157189206224
57FMABBO09  774690304 +250 58107137179216
57FMABBO09  774700305 +220 69119149190
57FMABBO09  774680306 +245 59 95127161207230
57FMABBO09  774680307 +265 58 93118153203231
57FMABBO09  774690309 +290 59106158203255
57FMABBO09  774680310 +242 75115141179214232
57FMABBO09  774681312 +248 54 94133153185217
57FMABBO09  774690313 +225 54 84110153203
57FMABBO09  774690314 +228 72118149188212
57FMABBO09  774710315 +199 57119161
57FMABBO09  774681316 +232 51 87130168192215
57FMABBO09  774690317 +238 67126169208226
57FMABBO09  774690320 +240 56 89127162201
57FMABBO09  774670321 +245 60 93133151174214227
57FMABBO09  774680322 +258 63104133176211239
57FMABBO09  774690323 +235 68118160205221
57FMABBO09  774680325 +240 70111134164202230
57FMABBO09  774691326 +229 64114148184208
57FMABBO09  774690327 +250 63114159208220
57FMABBO09  774680328 +247 69113133159200227
57FMABBO09  774690329 +237 65122157187206
57FMABBO09  774680330 +262 69114162195224246
