57FMABBO02  275710001 +193 65111148180
57FMABBO02  275710002 +180 60103141169
57FMABBO02  275720003 +159 64113146
57FMABBO02  275711004 +173 61100148169
57FMABBO02  375720015 +175 49115150
57FMABBO02  375721016 +160 64112145
57FMABBO02  375710017 +190 61 98138174
57FMABBO02  375710018 +200 61105145184
57FMABBO02  375710019 +170 51 89124162
57FMABBO02  375700021 +210 60 99130162190
57FMABBO02  375721022 +200 66110186
57FMABBO02  375720023 +170 63 98142
57FMABBO02  375720024 +160 62 97128
57FMABBO02  375710025 +170 65101144166
57FMABBO09 2275680027 +226 62106155169189202214
57FMABBO09 2275680028 +255 68114147174202223238
57FMABBO09 2275690030 +243 74130153184218232
57FMABBO09 2275690031 +243 73104160202220232
57FMABBO09 2275680029 +240 69119143167194210230
57FMABBO09 2275690032 +235 70127150189212227
57FMABBO09 2275701033 +224 72129156185204
57FMABBO09 2275680034 +227 67112142160186202222
57FMABBO09 2275700035 +218 67104156180204
57FMABBO09 2275691036 +194 71110146169181191
57FMABBO09 2275680037 +238 68108129164200218232
57FMABBO09 2275690038 +238 70109144180208228
57FMABBO09 2275700039 +198 56 86117148176
57FMABBO09 2275700040 +203 68108155182199
57FMABBO09 2275710041 +195 67108150177
57FMABBO09 2275670042 +233 54 83121142167189210227
57FMABBO09 2275691043 +205 64108129158190201
57FMABBO09 2275701044 +200 56114162177190
57FMABBO09 2275680045 +240 71101132168202219230
57FMABBO09 2275711046 +187 62117160175
57FMABBO09 2275720047 +188 56 98153
57FMABBO09 2275710048 +195 65115153180
57FMABBO09 2275721049 +178 66130162
57FMABBO09 2275701050 +194 61 94146166182
57FMABBO09 2275710051 +190 66112153184
57FMABBO09 2275711053 +186 63107146171
57FMABBO09 2275720054 +190 76136172
57FMABBO09 2275700055 +200 59 81116156183
57FMABBO09 2275711056 +182 60 92134164
57FMABBO09 2275700057 +181 58 84112149164
57FMABBO09 2275711058 +183 60 95118159
57FMABBO09 2275700059 +195 60 92130161185
57FMABBO09 2275710060 +186 66104138170
57FMABBO09 2275710061 +180 63103141166
57FMABBO09 2275700062 +180 51 80122157175
57FMABBO09 2275700063 +186 63 89113146172
57FMABBO09 2275710064 +178 62103145168
57FMABBO09 2275701065 +180 54 84115154171
57FMABBO09 2275701066 +195 65103148180190
57FMABBO09 2275720067 +180 67110148
57FMABBO09 2275711068 +189 68121164184
57FMABBO09 2275710069 +185 53 86132167
57FMABBO09 2275721070 +181 69129170
57FMABBO09 2275711071 +182 58111145171
57FMABBO09 2275711072 +196 70126165187
57FMABBO09 2275711073 +185 64118160179
57FMABBO09 2275710074 +185 57101136163
57FMABBO09 2275711075 +179 58101123160
57FMABBO09 2275710076 +179 60109155169
57FMABBO09 2275700077 +200 61 95127161183
57FMABBO09 2275710078 +180 57 95137164
57FMABBO09  775710079 +192 61 83117157
57FMABBO09  775690080 +254 72118154196211233
57FMABBO09  775680082 +250 69105137169205227241
57FMABBO09  775690083 +210 64115149178188199
57FMABBO09  775700085 +242 69118177204226
57FMABBO09  775680086 +287 70125168200226248260
57FMABBO09  775690087 +255 73114145167209232
57FMABBO09  775691088 +237 64102124148185213
57FMABBO09  775680090 +245 58 88122166195217235
57FMABBO09  775700089 +210 50 79126164197
57FMABBO09  775690091 +242 64 99126161200224
57FMABBO09  775691094 +252 64 99121157220236
57FMABBO09  775681095 +235 61 91132164195212224
57FMABBO09  775670096 +305 53103125161199236255275
57FMABBO09  775700097 +215 64 91130167194
57FMABBO09  775680098 +275 56105131175217241263
57FMABBO09  775690099 +250 58111170207215227
57FMABBO09  775690100 +260 63100140186216237
57FMABBO09  775670101 +290 61 97131158188220246268
57FMABBO09  775680102 +260 54 89120167205231245
57FMABBO09  775690103 +250 68106150188216230
57FMABBO09  775690104 +250 71122169198220238
57FMABBO09  775701105 +185 57 99137156175
57FMABBO09 2275700106 +238 61103162195223
57FMABBO09 2275690107 +232 69108133155179204
57FMABBO09 2275690108 +232 66121155186212225
57FMABBO09 2275701110 +200 66100131181190
57FMABBO09 2275711111 +190 65113155174
57FMABBO09 2275721112 +174 64112150
57FMABBO09 2275691113 +232 52 93132166202216
57FMABBO09 2275710114 +200 65105151180
57FMABBO09 2275711115 +195 71136167181
57FMABBO09 2275721116 +172 67126153
57FMABBO09 2275720117 +197 66114159
57FMABBO09 2275711118 +172 51 89128156
57FMABBO09 2275711119 +182 60117145173
57FMABBO09 2275711121 +184 57 84135162
57FMABBO09 2275711122 +200 68120153181
57FMABBO09 2275710123 +182 62106150171
57FMABBO09 2275710124 +185 63101136167
57FMABBO09 2275691125 +195 62 89121150173187
57FMABBO09 2275721126 +169 65119151
57FMABBO09 2275711127 +185 68101137165
57FMABBO09 2275720128 +185 70128162
57FMABBO09 2275700129 +195 62 92113150182
57FMABBO09 2275710130 +190 63115154175
57FMABBO09 2275710131 +190 70130159178
57FMABBO09 2275701132 +205 69124166181199
57FMABBO09 2275700133 +240 63126181217232
57FMABBO09 2275690134 +240 62 99150186210224
57FMABBO09 2275711135 +170 49 78124151
57FMABBO09 2275710136 +180 66100140168
57FMABBO09 2275711137 +180 72113148164
57FMABBO09 2275710138 +185 69118156174
57FMABBO09 2275710139 +180 67107150169
57FMABBO09 2275720140 +190 65106155
57FMABBO09  775710150 +200 69117159180
57FMABBO09  775681152 +235 62106172186206218225
57FMABBO09  775680154 +265 64 99131174212231252
57FMABBO09  775660155 +305 64108142186214237257271288
57FMABBO09  775680157 +265 72113136164203228245
57FMABBO09 2275720156 +175 62115151
57FMABBO09 2275690158 +240 73115149174203228
57FMABBO09 2275721159 +170 68115143
57FMABBO09 2275710160 +195 56 85135174
57FMABBO09 2275701161 +190 66 98122145173
57FMABBO09 2275720162 +165 52 78124
57FMABBO09 2275710166 +195 68127158182
57FMABBO09 2275681167 +230 64 93135156175207218
57FMABBO09 2275721168 +168 64120153
57FMABBO09 2275701169 +185 56 83129158178
57FMABBO09 2275711170 +215 72106144192
57FMABBO09 2275700171 +220 67119161187204
57FMABBO09 2275710172 +189 65119154180
57FMABBO09 2275691174 +195 61100136150176187
57FMABBO09 2275710175 +192 66117155178
57FMABBO09 2275711176 +205 63111157190
57FMABBO09 2275710177 +186 61113149172
57FMABBO09 2275721178 +180 68112154
57FMABBO09 2275721179 +180 69100146
57FMABBO09 2475720181 +180 65114149
57FMABBO09 2475721182 +185 69126159
57FMABBO09 2475720183 +178 64 99138
57FMABBO09 2475711184 +197 50 86129170
57FMABBO09 2475710185 +192 58 97128161
57FMABBO09 2475721186 +165 57108140
57FMABBO09 2475720187 +165 59 99141
57FMABBO09 2475720188 +192 70108150
57FMABBO09 2475721189 +185 70116159
57FMABBO09 2475711190 +168 49 79120149
57FMABBO09 2475700191 +195 50 77127144179
57FMABBO09 2475720192 +185 67118161
57FMABBO09 2475721193 +178 71119149
57FMABBO09 2475721194 +165 69109138
57FMABBO09 2475720193 +186 71116161
57FMABBO09 2475711196 +190 65115168185
57FMABBO09 2475700197 +240 76116156192222
57FMABBO09 2475691198 +232 68105132156195212
57FMABBO09 2475680199 +258 68106126164202229243
57FMABBO09 2475680200 +265 64 98124164202228249
57FMABBO09  775690201 +250 63 99119154188217
57FMABBO09  775670202 +290 64 98143193214238255274
57FMABBO09  775681204 +270 65113149179218240257
57FMABBO09  775680205 +243 59 88122160184208226
57FMABBO09  775680206 +298 68120156191229254280
57FMABBO09  775681207 +275 73115156191223245267
57FMABBO09 2275711208 +186 54 82121163
57FMABBO09 2275711209 +160 69101128147
57FMABBO09 2275711210 +182 58109153172
57FMABBO09 2275721211 +172 67117148
57FMABBO09 2275721213 +168 60 89134
57FMABBO09 2275720214 +178 68118153
57FMABBO09 2275720215 +178 62108148
57FMABBO09 2275720216 +178 60 97144
57FMABBO09 2275721217 +178 63117148
57FMABBO09 2275721218 +151 64101137
57FMABBO09 2275710219 +200 57106142177
57FMABBO09 2275691220 +218 63100141175195206
57FMABBO09 2275720221 +168 55103133
57FMABBO09 2275711222 +175 56 97131160
57FMABBO09 2275721224 +160 59 95129
57FMABBO09 2275720225 +180 69111140
57FMABBO09 2275710226 +185 59 98138168
57FMABBO09 2275720227 +182 64103143
57FMABBO09 2275680228 +264 73114145179219235253
57FMABBO09 2275720229 +184 66105143
57FMABBO09 2275680231 +270 63101129167210239262
57FMABBO09 2275690232 +268 74117177214231252
57FMABBO09 2275690233 +295 60100160220263279
57FMABBO09 2275690234 +278 73121154198240255
57FMABBO09 2275680235 +284 58116147191232254270
57FMABBO09 2275680237 +278 67103154179215239264
57FMABBO09 2275670238 +256 76102129148179209228241
57FMABBO09 2275690240 +205 66114140169183197
