57FMABBO02   82781001  129 69 94117129
57FMABBO02   82750002 +213 72108138152171200211
57FMABBO02   82780003 +180 55 97141174
57FMABBO02   82770005 +200 49 76123170194
57FMABBO02   82741006 +189 54 88127141154163172186
57FMABBO02   82800007 +122 64111
57FMABBO02   82751008  213 66101141180193206213
57FMABBO02   82780009 +163 60 93134159
57FMABBO02   82791010 +137 58111131
57FMABBO02   82780011 +172 60 97142165
57FMABBO02   82770012 +188 54 76109150182
57FMABBO02   82760013  138 45 72 93116129138
57FMABBO02   82761014 +144 56 75 90103119139
57FMABBO02   82760015  193 56 83111137179193
57FMABBO02   82790016 +138 48 84127
57FMABBO02   82770017 +170 62 95121144165
57FMABBO02   82740018  223 60105132147161179204223
57FMABBO02   82770019 +210 73110144182201
57FMABBO02   82741020  242 61119149172193212231242
57FMABBO02   82751021  231 62 98128171199219231
57FMABBO02   82780022 +197 52 99149182
57FMABBO02   82791023 +123 50 79116
57FMABBO02   82790024 +137 54106132
57FMABBO02   82791025 +141 71100131
57FMABBO02   82771026 +167 48 94124150164
57FMABBO02   82770027 +202 52 81109157191
57FMABBO02   82790028 +145 58103138
57FMABBO02   82800029 +121 74112
57FMABBO02   82790030 +126 58 93123
57FMABBO02   82780031 +148 54 94126145
57FMABBO02   82750032 +183 55 82108131144167179
57FMABBO02   82761033  203 59 94124153188203
57FMABBO02   82770034 +234 59 88140200225
57FMABBO02   82770035 +196 67 95129171188
57FMABBO02   82780036 +147 62 98131144
57FMABBO02   82790037 +145 59108140
57FMABBO02   82761038 +159 63 89115133150156
57FMABBO02   82760039  200 73113148174190200
57FMABBO02   82780040 +204 48 76137199
57FMABBO02   82740041 +188 62104127144154164178185
57FMABBO02   82791042 +142 63108133
57FMABBO02   82760043 +204 72100122143178197
57FMABBO02   82760044 +186 62 88109132162179
57FMABBO02   82780045 +157 57 93125154
57FMABBO02   82780046 +179 60 88134169
57FMABBO02   82770047 +190 55100122158182
57FMABBO02   82791048 +141 64111135
57FMABBO02   82770049 +180 61100132155172
57FMABBO02   82771050 +187 65 93118153181
57FMABBO02   82791051 +121 54 96118
57FMABBO02   82770052 +175 52 79107150172
57FMABBO02   82790054 +137 63102133
57FMABBO02   82791055 +147 69 98132
57FMABBO02   82780056 +162 66 91130155
57FMABBO02   82780057 +152 59 87119144
57FMABBO02   82790058 +156 66 99144
57FMABBO02   82800059 +125 77117
57FMABBO02   82790060 +141 64108135
57FMABBO02   82771061  158 69 90120147158
57FMABBO02   82770062  151 56 88116142151
57FMABBO02   82780063 +182 59117138174
57FMABBO02   82780064 +184 74114155178
57FMABBO02   82771065  170 61 92134157170
57FMABBO02   82770066  174 56 86130158174
57FMABBO02   82781067 +184 71127155176
57FMABBO02   82780068 +210 69112153201
57FMABBO02   82781069 +208 62120176204
57FMABBO02   82740070  236 63106140163180195215236
57FMABBO02   82750071 +227 64 93124146176205224
57FMABBO02   82730072 +256 64107125155189205223239252
57FMABBO02   82680073  356 54101156185219243267294312319327339351356
57FMABBO02   82740074  233 59110145168187199217233
57FMABBO02   82740075  252 60101156188205224237252
57FMABBO02   82740076  232 64107134158178202223232
57FMABBO02   82740077  232 58 99131141159190215232
57FMABBO02   82740078  218 70114141154165182203218
57FMABBO02   82750079  205 57 99123147171193205
57FMABBO02   82770080  235 63116161199235
57FMABBO02   82741081  241 61110145166189208232241
57FMABBO02   82731082 +261 66100154181200212233243258
57FMABBO02   82731083  229 76111144173186198208223229
57FMABBO02   82751084 +250 74118159185201224247
57FMABBO02   82731085 +265 65121166199221231242252262
57FMABBO02   82731086  262 65 97139187209232240255262
57FMABBO02   82731087  245 69 94127166189203214233245
57FMABBO02   82741088  199 58105153168176181194199
57FMABBO02   82751089  196 72105134149165186196
57FMABBO02   82771090  190 58107146176190
57FMABBO02   82721091  235 62 97132161177187193206226235
57FMABBO02   82731092  198 64 93117143158167181192198
57FMABBO02   82731093  247 75125175192203216224242247
57FMABBO02   82751094  213 61 95139165187207213
57FMABBO02   82751095  197 62 97129146164187197
57FMABBO02   82791096 +125 51 93120
57FMABBO02   82731097  235 60116144172184199212227235
57FMABBO02   82731098  233 62107150167185198208221233
57FMABBO02   82711099  238 65 99121140169184189203218230238
57FMABBO02   82741100  215 60105142162175187202215
57FMABBO02   82761101  187 57 79106145176187
57FMABBO02   82780102  177 62 94154177
57FMABBO02   82740103  223 62114144167179198218223
57FMABBO02   82740104  254 69104139170192219241254
57FMABBO02   82740105  255 77126157184204218242255
57FMABBO02   82710106  271 75 99120145178201221235250262271
57FMABBO02   82750107  223 78115141163184210223
57FMABBO02   82740108  253 59103141175191214238253
57FMABBO02   82770109  205 50102142180205
57FMABBO02   82750110  243 74122158183203227243
57FMABBO02   82750111  230 69110138160187215230
57FMABBO02   82740112  217 57 85116134158174192217
57FMABBO02   82740113  246 63108144169189213236246
57FMABBO02   82750114  226 74116140164187212226
57FMABBO02   82740115  248 61102140171188205232248
57FMABBO02   82730116  233 54 84121158181195211222233
57FMABBO02   82740117  250 74117147162188212232250
57FMABBO02   82720118  251 65108148185202215221228241251
57FMABBO02   82740119  253 66107144182210233244253
57FMABBO02   82710120  272 57 85121158197215227237244263272
57FMABBO02   82740121  229 64122148172183197220229
57FMABBO02   82740122  240 66109138167183203226240
57FMABBO02   82740123  235 77119146166181206228235
57FMABBO02   82770124  185 57 99135167185
57FMABBO02   82750125 +233 55107144169187208230
57FMABBO02   82740126 +254 71119161192208232242251
57FMABBO02   82750127 +219 70119159188203209216
57FMABBO02   82760128  183 60102123143160183
57FMABBO02   82750129  238 64122152175205232238
57FMABBO02   82750130  230 76104134154177214230
57FMABBO02   82730131  200 65 88115133153163177190200
57FMABBO02   82770132  183 50 87136162183
57FMABBO02   82740133  287 59121168201217246273287
57FMABBO02   82740135  212 49 84114142158175202212
57FMABBO02   82760137  199 62 99137166176199
57FMABBO02   82740138  240 56 99135162183210230240
57FMABBO02   82740139  237 74131167190201216228237
57FMABBO02   82780140  180 62113160180
57FMABBO02   82770142  164 50 86110140164
57FMABBO02   82740143  245 59123160182194210230245
57FMABBO02   82750145  212 67105142166184202212
57FMABBO02   82740146  255 62122161193204218239255
57FMABBO02   82750147  248 71114152175196232248
57FMABBO02   82740148  245 63116146173189215235245
57FMABBO02   82750149  244 61105134163188226244
57FMABBO02   82750150  222 63110147176199216222
57FMABBO02   82770151  212 55 86125178212
57FMABBO02   82750152  237 64 98139165198224237
57FMABBO02   82720153  242 49 84124159181191204215232242
57FMABBO02   82760154  225 64103139183203225
57FMABBO02   82750155  216 64106139155169199216
57FMABBO02   82740156  249 73112142178203225238249
57FMABBO02   82750157  226 61 90121146183212226
57FMABBO02   82730158  263 70133170196216230242257263
57FMABBO02   82740159  257 64104140169192216241257
57FMABBO02   82750160  235 65114156178200227235
57FMABBO02   82720161  274 56 99144185214234245260270274
57FMABBO02   82740162  295 61120192222246265282295
57FMABBO02   82720163  260 74116156185199213223238254260
57FMABBO02   82740164  276 56 90134165196225252276
57FMABBO02   82730165  295 72114159184202220246272295
57FMABBO02   82750166  257 63109147179218243257
57FMABBO02   82740167  260 71129165189208224241260
57FMABBO02   82750168  263 73137179201224252263
57FMABBO02   82740169  279 62120177209226241268279
57FMABBO02   82750170  265 61101135164203238265
57FMABBO02   82720171  260 55 83122167184196211230251260
57FMABBO02   82720172  285 60100145190216231246258276285
57FMABBO02   82720173  273 64100140177206220232248266273
57FMABBO02   82710174  248 70111128153175192203211222239248
57FMABBO02   82730175  203 48 76107134151166187197203
57FMABBO02   82790176 +146 60107141
57FMABBO02   82740177  236 66110137151168186216236
57FMABBO02   82750179 +207 64 99127151174191201
57FMABBO02   82780180 +219 56 94160210
57FMABBO02   82750181  195 73103120142165187195
57FMABBO02   82770182  239 60117159215239
57FMABBO02   82760183  199 71100140173186199
57FMABBO02   82760184  230 70117146175209230
57FMABBO02   82780185 +176 64 93136170
57FMABBO02   82770186 +171 65 99125154168
57FMABBO02   82770187 +223 70110144187218
57FMABBO02   82781188 +169 62 94139166
57FMABBO02   82760189 +232 58 95130167209229
57FMABBO02   82780190 +194 57115157187
57FMABBO02   82780191 +206 52106158198
57FMABBO02   82770192  231 61103150205231
57FMABBO02   82750193 +231 71112145164185220228
57FMABBO02   82750194 +241 74123164190204220239
57FMABBO02   82750195 +234 53 84120151183221231
57FMABBO02   82760196 +175 47 70 89118145167
57FMABBO02   82780197 +183 60105144181
57FMABBO02   82790199 +151 73110147
57FMABBO02   82780200  221 70108180221
57FMABBO02   82740201  207 52 88118142156175197207
57FMABBO02   82770202  215 72107139187215
57FMABBO02   82780203  212 80136181197212
57FMABBO02   82740204  246 65114159184195210230246
57FMABBO021  82770205  248 64124171211248
57FMABBO021  82780206  198 52 90148198
57FMABBO021  82790207 +152 76120147
57FMABBO021  82780208  199 51 84143199
57FMABBO021  82770209  196 58 86127185196
57FMABBO021  82780210  185 65115159185
57FMABBO021  82790211  183 67117183
57FMABBO021  82770212  196 58106144178196
