57FMABBO02  276690001  250 61106142188219237250
57FMABBO02  276710002  217 52 95140183217
57FMABBO02  276720003  202 78134171202
57FMABBO02  276710004  196 57 93135173196
57FMABBO02  276720006  168 61 93139168
57FMABBO02  276690007  227 62101138174190211227
57FMABBO02  276700008  209 61 91138173198209
57FMABBO02  276710009  210 64 90133176210
57FMABBO02  276690010  209 69114155171183197209
57FMABBO02  276710011  211 66123170193211
57FMABBO02  276720013  205 77126173205
57FMABBO02  276690014  210 70115143162187200210
57FMABBO02  276700015  215 71117157179200215
57FMABBO02  276710016  209 48 90138178209
57FMABBO02  276710018  205 69113155174205
57FMABBO02  276710019  204 64118159188204
57FMABBO02  276720020  203 70125166203
57FMABBO02  276670021  260 57 85134147167207230247260
57FMABBO02  276720022  195 68120162195
57FMABBO02  276690023  202 59107140163176189202
57FMABBO02  276720024  178 66102148178
57FMABBO02  276700025  213 50 80111154190213
57FMABBO02  276720026  193 70113162193
57FMABBO02  276720027  191 60109146191
57FMABBO02  276680028  235 78109137162198218227235
57FMABBO02  276720029  158 46 80123158
57FMABBO02  276720030  190 65113155190
57FMABBO02  276710031  219 67115154189219
57FMABBO02  276710032  215 70125156191215
57FMABBO02  276720033 +182 69119152180
57FMABBO02  276700034  221 61102136166191221
57FMABBO02  276720035 +186 63116147184
57FMABBO02  276710036  192 67116148159192
57FMABBO02  276690037  194 67118141162173188194
57FMABBO02  276690038  230 58 86112145180207230
57FMABBO02  276690039  225 61110137170195211225
57FMABBO02  276720040  216 78133179216
57FMABBO02  276710041  211 64 99134179211
57FMABBO02  276720042  188 65130157188
57FMABBO02  276720043  187 69118152187
57FMABBO02  276710044  210 66130160189210
57FMABBO02  276720045  191 63109160191
57FMABBO02  276690046  229 51100136165185211229
57FMABBO02  276710047  186 47 84130163186
57FMABBO02  276720048  175 63107144175
57FMABBO02  276720050  173 63104147173
57FMABBO02  276690051  218 69 96119150179208218
57FMABBO02  276720052  180 70110142180
57FMABBO02  276710053  204 58109146174204
57FMABBO02  276720054  201 70127172201
57FMABBO02  276720055 +171 55105131169
57FMABBO02  276690056  254 69103126183210233254
57FMABBO02  276730057  141 60 93141
57FMABBO02  276720058  198 63118165198
57FMABBO02  276720059 +158 57 95125155
57FMABBO02  276710061  208 54 86128170208
57FMABBO02  276680062  196 57 97115132158172190196
57FMABBO02  276710063  212 69118158190212
57FMABBO02  276720065  186 67116155186
57FMABBO02  276680066  216 65 97115141167181202216
57FMABBO02  276710067  202 58119155189202
57FMABBO02  276720069  181 60113150181
57FMABBO02  276720068  162 58109132162
57FMABBO02  276690070  227 69119140166193211227
57FMABBO02  276690072  217 61104126152174197217
57FMABBO02  276710074  215 70111155187215
57FMABBO02  276700075 +218 70106153180200215
57FMABBO02  276720076  197 70116158197
57FMABBO02  276720077  208 81140177208
57FMABBO02  276710078  210 53 90139179210
57FMABBO02  276700079  205 57 88116134174205
57FMABBO02  276720080  190 70109164190
57FMABBO02  276720081  192 69130172192
57FMABBO02  276710082  216 58 93140184216
57FMABBO02  276710083  212 66119164185212
57FMABBO02  276670085  234 62 89137155180207219228234
57FMABBO02  276720086  203 69125176203
57FMABBO02  276710087  213 63118157190213
57FMABBO02  276700090  204 59113136154181204
57FMABBO02  276700088  215 68115149168192215
57FMABBO02  276710089  222 62117146189222
57FMABBO02  276710091  179 49 80117145179
57FMABBO02  276690093 +224 69 98123158178199221
57FMABBO02  276720094  183 60 99138183
57FMABBO02  276680092  203 65 81107127147156192203
57FMABBO02  276690095  193 60102136160176187193
57FMABBO02  276710096  223 70129159191223
57FMABBO02  276680097  236 60 97113141175194219236
57FMABBO02  276690098  240 62 99139177205219240
57FMABBO02  276680099  220 71117139155177191197220
57FMABBO02  276720100  182 66120155182
57FMABBO02  276720101  183 60124154183
57FMABBO02  276710102  162 49 77111138162
57FMABBO02  276720103  191 67121160191
57FMABBO02  276690104  247 61103138186211231247
57FMABBO02  276710105  251 72131181221251
57FMABBO02  276720106  190 58 98142190
57FMABBO02  276710107  196 57 84138168196
57FMABBO02  276690109  230 76112129153192209230
57FMABBO02  276720110  182 68109145182
57FMABBO02  276700111  228 72124164189214228
57FMABBO02  276700112  222 59 93124162196222
57FMABBO02  276720113  169 63108136169
57FMABBO02  276720115  165 59100131165
57FMABBO02  276690114  233 68124153188210217233
57FMABBO02  276680121  228 67124144164188202221228
57FMABBO02  276690120  210 58 85110141165189210
57FMABBO02  276720119  179 60117155179
57FMABBO02  276710118  206 67107146179206
57FMABBO02  276720117  200 67116169200
57FMABBO02  276720122  185 73 99151185
57FMABBO02  276720123  211 79143180211
57FMABBO02  276720124  172 64112153172
57FMABBO02  276690125  214 71123146169184201214
57FMABBO02  276700126  225 70126152184203225
57FMABBO02  276710129  222 55102144191222
57FMABBO02  276680130  234 51 94134159181211223234
57FMABBO02  276690131  232 55 93142177201216232
57FMABBO02  276690132  220 55100136162185206220
57FMABBO02  276700133  217 63125161180201217
57FMABBO02  276720134  203 80131172203
57FMABBO02  276700135  222 69129162183201222
57FMABBO02  276700136  208 57 85128161187208
57FMABBO02  276680137  217 52 83114140173189205217
57FMABBO02  276720138  191 60103153191
57FMABBO02  276710139  188 57 84134165188
57FMABBO02  276720140  206 80133168206
57FMABBO02  276720141  195 62112160195
57FMABBO02  276710142  210 62108155186210
57FMABBO02  276690143  227 57 89120152186201227
57FMABBO02  276690144  217 61102129158180204217
57FMABBO02  276710145  216 70128161190216
57FMABBO02  276700146  244 66111167210236244
57FMABBO02  276710147  197 60111145175197
57FMABBO02  276720148  168 69107141168
57FMABBO02  276690149  240 77125149187207224240
57FMABBO02  276700150  216 68110142165192216
57FMABBO02  276720151  179 66116146179
57FMABBO02  276710152  203 65100123171203
57FMABBO02  276710153  235 67125158208235
57FMABBO02  276720154  170 59104142170
57FMABBO02  276720156  185 56 98142185
57FMABBO02  276720157  196 68128159196
57FMABBO02  276720158  194 65110158194
57FMABBO02  276720159  197 67112159197
57FMABBO02  276680160  222 68100127149175191212222
57FMABBO02  276690161  250 61 99153190210234250
57FMABBO02  276710162  201 52 85128170201
57FMABBO02  276720163  186 72122152186
57FMABBO02  276690164  235 69111142171197216235
57FMABBO02  276710165  212 80131155182212
57FMABBO02  276690166  218 78112143176195207218
57FMABBO02  276700167  208 60 86119161183208
57FMABBO02  276690168  230 63101132156184203230
57FMABBO02  276720169  196 69124161196
57FMABBO02  276690170  237 65102139177203217237
57FMABBO02  276700171  196 64 97140168184196
57FMABBO02  276680173  246 56 96124156199220233246
57FMABBO02  276710174  238 72125170207238
57FMABBO02  276720175  187 66118160187
57FMABBO02  276720176  185 56 95149185
57FMABBO02  276710177  225 56111159197225
57FMABBO02  276710178  223 64118158197223
57FMABBO02  276720179  213 77133173213
57FMABBO02  276680181  224 73111130154178188209224
57FMABBO02  276690182  229 62 98141174197213229
57FMABBO02  276690184  233 59 97122148181205233
57FMABBO02  276690185  227 62 97125152183208227
57FMABBO02  276720187  218 67116174218
57FMABBO02  276700188  236 60 95134178206236
57FMABBO02  276680189  259 61102134164206229246259
57FMABBO02  276700190  220 68118156182205220
57FMABBO02  276690191  228 70 97117154179207228
57FMABBO02  276720192  176 65102147176
57FMABBO02  276720193  188 62109160188
57FMABBO02  276690194  250 72111155196221236250
57FMABBO02  276720195  192 66111154192
57FMABBO02  276720196  194 60110154194
57FMABBO02  276710197  216 67107150186216
57FMABBO02  276690198 +213 58 90124145170188211
57FMABBO02  276720199  198 64109156198
57FMABBO02  276680200 +215 51 86127145163184202211
57FMABBO02  276700201  235 74120161189205235
57FMABBO02  276700202  221 68123145173190221
57FMABBO02  276710203  208 63100130179208
57FMABBO02  276690204  214 71 98118137167190214
57FMABBO02  276720205  193 56 95148193
57FMABBO02  176720301  171 59105151171
57FMABBO02  176720302  182 62107158182
57FMABBO02  176720303  175 68112141175
57FMABBO02  176690304  215 68104135172186203215
57FMABBO02  176710305  172 65115144156172
57FMABBO02  176720306  203 72122164203
57FMABBO02  176710307  195 69108148172195
57FMABBO02  176700308  201 61114142152182201
57FMABBO02  176700309  201 61108131162177201
57FMABBO02  176710310  204 66117152182204
57FMABBO02  176710311  203 64110153185203
57FMABBO02  176710312  202 64119167178202
57FMABBO02  176720313  189 66106151189
57FMABBO02  176700314  232 62102149182212232
57FMABBO02  176710315  212 67109149185212
57FMABBO02  176710316  215 66110150183215
57FMABBO02  176720318  180 51100145180
57FMABBO02  176720319  163 55111148163
57FMABBO02  176720320  192 62126168192
57FMABBO02  176710321  198 57 95133168198
57FMABBO02  176720322  211 68107175211
57FMABBO02  176720324  143 50 82113143
57FMABBO02  176710325  176 47 82104141176
57FMABBO02  176720326  167 61107135167
57FMABBO02  176720327  152 60100139152
57FMABBO02  176730328  152 62106152
57FMABBO02  176720329  171 65117165171
57FMABBO02  176710330  206 64118150191206
57FMABBO02  176710332  207 57 93143179207
57FMABBO02  176710333  214 57 99139185214
57FMABBO02  176700334  221 64112138168193221
57FMABBO02  176720335  140 54 94123140
57FMABBO02  176720336  169 59 89134169
57FMABBO02  176710337  172 55 98130155172
57FMABBO02  176720340  198 71116161198
57FMABBO02  176700341 +195 65103135157179191
57FMABBO02  176700342  208 65113152185197208
57FMABBO02  176720343  163 56 93122163
57FMABBO02  176720344  179 64105141179
57FMABBO02  176710345  218 69112153189218
57FMABBO02  176720346  166 63106140166
57FMABBO02  176690347  209 71122155165186193209
57FMABBO02  176710349  190 69120153181190
57FMABBO02  176730351  146 72119146
57FMABBO02  176720352  151 53101133151
57FMABBO02  176720353  159 59106138159
57FMABBO02  176720354  203 64111161203
57FMABBO02  176710355  222 66108162199222
57FMABBO02  176710356  189 60111144170189
57FMABBO02  176710357  220 57 93138186220
57FMABBO02  176730358  142 59107142
57FMABBO02  176720359  170 55102139170
57FMABBO02  176730361  124 54 98124
57FMABBO02  176720362  175 64106150175
57FMABBO02  176720363  188 53 99146188
57FMABBO02  176720365  142 50 84136142
57FMABBO02  176720364  195 66113165195
57FMABBO02  176710367  201 58101123163201
57FMABBO02  176710369  237 63102139198237
57FMABBO02  176720370  182 59103153182
57FMABBO02  176700401  178 61100130135156178
57FMABBO02  176710402  169 59 97139145169
57FMABBO02  176720403  184 57 99147184
57FMABBO02  176710404  193 58107135167193
57FMABBO02  176720405  192 71123154192
57FMABBO02  176720406  183 64116153183
57FMABBO02  176720407  175 52100143175
57FMABBO02  176720408  145 58 91131145
57FMABBO02  176720409  175 64109152175
57FMABBO02  176710410  182 65127159167182
57FMABBO02  176700411  219 53 85123163195219
57FMABBO02  176710412  175 69 98126151175
57FMABBO02  176720413  181 57116138181
57FMABBO02  176720414  241 60108180241
57FMABBO02  176720415  138 59 99124138
57FMABBO02  176710416  195 60108154164195
57FMABBO02  176700419  194 57103136162184194
57FMABBO02  176710420  196 58113138169196
57FMABBO02  176710422  216 65102138185216
57FMABBO02  176710423  207 59 81131169207
57FMABBO02  176680421  272 54 94123160207233255272
57FMABBO02  176710424  197 55 89120157197
57FMABBO02  176710425  202 55 83132168202
57FMABBO02  176720426  204 68112161204
57FMABBO02  176700427  202 61114157178183202
57FMABBO02  176700429  200 61117151159184200
57FMABBO02  176720430  144 46 82131144
57FMABBO02  176720431  201 65111158201
57FMABBO02  176710432  205 65 98166184205
57FMABBO02  176730433  146 57122146
57FMABBO02  176730434  142 56102142
57FMABBO02  176730435  147 55116147
57FMABBO02  176710436  203 61 97149181203
57FMABBO02  176730437  120 55 98120
57FMABBO02  176690438  211 55111134158178199211
57FMABBO02  176720439  207 64129176207
57FMABBO02  176720440  171 60108143171
57FMABBO02  176710452  199 57 93135165199
57FMABBO02  176720454  193 65125158193
57FMABBO02  176720455  197 57108159197
57FMABBO02  176720456  202 61123159202
57FMABBO02  176720457  178 64111152178
57FMABBO02  176720458  195 64118158195
57FMABBO02  176700452  191 62102152171185191
57FMABBO02  176720460  203 59105153203
57FMABBO02  176720461  177 62111144177
57FMABBO02  176720462  195 57112162195
57FMABBO02  176720463  153 55 88124153
57FMABBO02  176720464  174 59 94137174
57FMABBO02  176710465  180 55112137157180
57FMABBO02  176710468  174 58 89124152174
57FMABBO02  176710466  183 60115145164183
57FMABBO02  176720467  166 67115148166
57FMABBO02  176720469  190 62127161190
57FMABBO02  176720470  170 58 98139170
57FMABBO02  176720472  206 77128165206
57FMABBO02  176720473  160 51 93131160
57FMABBO02  176720474  173 59103148173
57FMABBO02  176720475  180 60 94141180
57FMABBO02  176710477  204 64 95129171204
57FMABBO02  176720478  173 59102142173
57FMABBO02  176720479  192 64109150192
57FMABBO02  176720441  185 58100140185
57FMABBO02  176720442  203 57119160203
57FMABBO02  176690443  206 58 93146174187198206
57FMABBO02  176720444  178 51 90147178
57FMABBO02  176690445  221 68112145164183207221
57FMABBO02  176710446  202 57 91112164202
57FMABBO02  176710447  205 64116157182205
57FMABBO02  176720449  178 66104141178
57FMABBO02  176720450  169 62109144169
57FMABBO09 2276680032  282 64101136174211237263282
57FMABBO09 2276710031  195 51109149174195
57FMABBO09 2276710033  218 65109139179218
57FMABBO09 2276720034  203 72126173203
57FMABBO09 2276700035  230 58105140175200230
57FMABBO09 2276720036  170 65110147170
57FMABBO09 2276720040  200 75112154200
57FMABBO09 2276710022  175 60106144165175
57FMABBO09 2276680023  258 63107138179218235247258
57FMABBO09 2276720024  205 59126165205
57FMABBO09 2276720025  207 64114167207
57FMABBO09 2276690026  272 58 98135174222245272
57FMABBO09 2276690027  250 71121144174210231250
57FMABBO09 2276710028  200 61 97144177200
57FMABBO09 2276710029  200 57 89138173200
57FMABBO09 2276700011  240 64126162197216240
57FMABBO09 2276720012  198 64122160198
57FMABBO09 2276720013  175 61102141175
57FMABBO09 2276710014  192 61104130164192
57FMABBO09 2276720015  175 64122154175
57FMABBO09 2276720016  158 66117143158
57FMABBO09 2276720017  198 55117159198
57FMABBO09 2276720019  183 62116153183
57FMABBO09 2276710020  196 68108146175196
57FMABBO09 2276720001  200 77120161200
57FMABBO09 2276710002  200 62 88132174200
57FMABBO09 2276720003  193 58108143193
57FMABBO09 2276710007  190 55 98147173190
57FMABBO09 2276700008  210 55 93121157164210
57FMABBO09 2276710009  245 70102145197245
57FMABBO09 2276710010  210 61109154186210
57FMABBO09 2276710041  225 68119173202225
57FMABBO09 2276680042  240 59107125169207230233240
57FMABBO09 2276720046  170 57 97138170
