57FMABBO091  73680001 +280 72113175219264                                       
57FMABBO091  73661002 +280 78130162196226238253                                 
57FMABBO091  73680003 +265 78136178214245                                       
57FMABBO091  73680004 +250 60 96160190231                                       
57FMABBO091  73680005 +255 66113149189232                                       
57FMABBO091  73680006 +265 60115170214249                                       
57FMABBO091  73670008 +255 71135171189212237                                    
57FMABBO091  73680009 +240 73108144182219                                       
57FMABBO091  73690011 +230 73104155206                                          
57FMABBO091  73680012 +220 64 93140162206                                       
57FMABBO091  73670013 +249 63 92116141187229                                    
57FMABBO091  73680014 +235 73112145178220                                       
57FMABBO091  73660016 +275 57 90135166188224245                                 
57FMABBO091  73680017 +213 63 90145171203                                       
57FMABBO091  73680018 +230 48 77120169207                                       
57FMABBO091  73670019 +232 61 95128152189217                                    
57FMABBO091  73680020 +240 74112140183222                                       
57FMABBO091  73691021 +183 59103143164                                          
57FMABBO091  73680022 +198 57 85 97121172                                       
57FMABBO091  73690023 +220 72116168214                                          
57FMABBO091  73700024 +176 51102152                                             
57FMABBO091  73701025 +175 54113154                                             
57FMABBO091  73680026 +201 68 97118163191                                       
57FMABBO091  73690027 +183 61 98132167                                          
57FMABBO091  73691029 +204 58110145189                                          
57FMABBO091  73670031 +242 70102125147186225                                    
57FMABBO091  73680032 +215 66108128155199                                       
57FMABBO091  73700033 +190 58106155                                             
57FMABBO091  73680034 +230 64 92121163206                                       
57FMABBO091  73690035 +200 66110145181                                          
57FMABBO091  73681037 +185 67 97121149175                                       
57FMABBO091  73680038 +195 66100128155185                                       
57FMABBO091  73700039 +182 57101145                                             
57FMABBO091  73670040 +295 69112161184229273                                    
57FMABBO091  73681041 +200 60116138167199                                       
57FMABBO091  73690042 +208 72115161193                                          
57FMABBO091  73670043 +243 70105151174191228                                    
57FMABBO091  73680044 +207 67 98120153196                                       
57FMABBO091  73670045 +240 70105165194207224                                    
57FMABBO091  73690046 +210 66115148185                                          
57FMABBO091  73690047 +215 68126167201                                          
57FMABBO091  73680048 +220 65108139165203                                       
57FMABBO091  73680049 +195 71109127153181                                       
57FMABBO091  73670050 +237 73106140171201226                                    
57FMABBO091  73650053 +293 68 94117167199213238264                              
57FMABBO091  73670054 +265 59 84137194202257                                    
57FMABBO091  73670055 +248 73101129154186225                                    
57FMABBO091  73671056 +225 59122153170188210                                    
57FMABBO091  73680057 +260 63120159195237                                       
57FMABBO091  73650058 +300 53 80108150192221253276                              
57FMABBO091  73670059 +260 70116138169207232                                    
57FMABBO091  73680060 +255 69120152175218                                       
57FMABBO091  73670061 +265 54105138174212248                                    
57FMABBO091  73680062 +240 60108134165212                                       
57FMABBO091  73680063 +238 75109126151205                                       
57FMABBO091  73680064 +242 73129149179216                                       
57FMABBO092  73680065 +248 71105137174213                                       
57FMABBO092  73680066 +226 68100127174206                                       
57FMABBO092  73680067 +224 68118164177204                                       
57FMABBO092  73660068 +250 67101131172191211237                                 
57FMABBO092  73681069 +230 74 99136180190                                       
57FMABBO092  73690071 +205 67104138191                                          
57FMABBO092  73681072 +218 73128143168210                                       
57FMABBO092  73680073 +222 62 96125169203                                       
57FMABBO092  73700074 +219 68129183                                             
57FMABBO092  73690075 +216 70 96145193                                          
57FMABBO092  73700076 +185 64104156                                             
57FMABBO092  73691077 +186 60116147174                                          
57FMABBO092  73691078 +177 70109136146                                          
57FMABBO092  73680079 +198 65117139148187                                       
57FMABBO092  73680082 +244 73113148183223                                       
57FMABBO092  73680083 +297 73140181218271                                       
57FMABBO092  73660085 +257 73106133152195215234                                 
57FMABBO092  73680087 +223 64 87130160195                                       
57FMABBO092  73690088 +204 61116153190                                          
57FMABBO092  73680089 +232 64101132162204                                       
57FMABBO091  73680090 +232 54 86128169208                                       
57FMABBO091  73690091 +220 77128159193                                          
57FMABBO091  73690092 +185 66121143170                                          
57FMABBO091  73670093 +255 52 83126156194226                                    
57FMABBO091  73700094 +190 68112166                                             
57FMABBO091  73690095 +189 57 94128145                                          
57FMABBO091  73691096 +217 75124163204                                          
57FMABBO091  73690097 +190 60113139173                                          
57FMABBO09  773680098 +255 67106154202232                                       
57FMABBO09  773670099 +250 49 90133163200232                                    
57FMABBO091  73670100 +265 66109159182204238                                    
57FMABBO091  73680101 +255 72112155196241                                       
57FMABBO091  73680102 +245 58 83124173215                                       
57FMABBO091  73680104 +244 59111159206232                                       
57FMABBO091  73660106 +240 57 87121179199215236                                 
57FMABBO091  73680107 +225 64116153182203                                       
57FMABBO091  73670108 +253 73110133161189222                                    
57FMABBO091  73680109 +249 68113149196228                                       
57FMABBO091  73680110 +249 69123154188232                                       
57FMABBO091  73680112 +255 70 93129175224                                       
57FMABBO091  73670113 +228 55 91112136173207                                    
57FMABBO091  73660114 +280 64 97119147180215253                                 
57FMABBO091  73650115 +265 72101134153185206236252                              
57FMABBO091  73680116 +243 68113132173219                                       
57FMABBO091  73680117 +255 73127176207231                                       
57FMABBO091  73640118 +275 61 97138163197214230242262                           
57FMABBO091  73681119 +230 62106141173198                                       
57FMABBO091  73680120 +233 67 90130165210                                       
57FMABBO091  73681121 +220 61102149180194                                       
57FMABBO091  73680122 +255 63 96134184225                                       
57FMABBO091  73681123 +205 70126148173200                                       
57FMABBO091  73681124 +215 72105128157197                                       
57FMABBO091  73681125 +200 70119140166184                                       
57FMABBO091  73690126 +216 65122157194                                          
57FMABBO091  73681127 +224 52 92144173208                                       
57FMABBO091  73680128 +230 58105133175213                                       
57FMABBO091  73650129 +288 75118150174200220246269                              
57FMABBO091  73690130 +223 72114153198                                          
57FMABBO091  73670131 +268 71119163181211245                                    
57FMABBO091  73680132 +242 68103123167216                                       
57FMABBO091  73690133 +210 68112163194                                          
57FMABBO091  73680134 +232 68121143177215                                       
57FMABBO091  73680135 +225 64106144159196                                       
57FMABBO091  73650136 +238 58102119142158174200222                              
57FMABBO091  73660137 +247 70116144168188210237                                 
57FMABBO091  73671138 +235 67116145174199224                                    
57FMABBO091  73681139 +205 61 97127153189                                       
57FMABBO091  73691140 +205 66114153193                                          
57FMABBO09  773680141 +240 63101145177221                                       
57FMABBO09  773670143 +250 58 94128170221241                                    
57FMABBO09  773680144 +244 67106149191227                                       
57FMABBO09  773670146 +235 60 94132152181220                                    
57FMABBO09  773680147 +236 66111135176217                                       
57FMABBO09  773660148 +284 71108168194214237259                                 
57FMABBO09  773680149 +233 62103133176206                                       
57FMABBO09  773680150 +240 60114140174209                                       
57FMABBO09  773681151 +244 74116140188230                                       
57FMABBO09  773701152 +138 58103135                                             
57FMABBO09  773690153 +180 72121157168                                          
57FMABBO09  773680154 +240 57 88113165210                                       
57FMABBO09  773670155 +242 64108149175201230                                    
57FMABBO09  773671156 +248 62 96153190220238                                    
57FMABBO09  773681157 +207 66 98126153190                                       
57FMABBO09  773660158 +282 73123173191213258273                                 
57FMABBO09  773681159 +207 67111137168187                                       
57FMABBO09  773680160 +208 57 91119150189                                       
57FMABBO09  773680161 +225 68114164181209                                       
57FMABBO09  773681162 +208 73103140162194                                       
57FMABBO09  773660163 +250 55 88124184215228246                                 
57FMABBO09  773690164 +205 67119151188                                          
57FMABBO09  773680165 +228 70117139179213                                       
57FMABBO09  773650166 +245 67109136161187200215236                              
57FMABBO09  773680168 +244 67102131174216                                       
57FMABBO09  773680169 +249 79128169195223                                       
57FMABBO09  773680170 +241 69114145189223                                       
57FMABBO09  773640171 +290 70118140171207221239255274                           
57FMABBO09  773690173 +220 69121165206                                          
57FMABBO09  773680174 +224 65 95136169201                                       
57FMABBO09  773680175 +228 62 93122163205                                       
57FMABBO09  773690176 +193 70117150175                                          
57FMABBO09  773690177 +199 65108144186                                          
57FMABBO09  773680180 +226 72113141173210                                       
57FMABBO09  773680189 +220 61 92115155199                                       
57FMABBO09  773680181 +220 53 87117156193                                       
57FMABBO09  773650182 +269 71110130176194219244260                              
57FMABBO09  773670183 +220 61 97127158187208                                    
57FMABBO09  773680184 +244 73109131174214                                       
57FMABBO09  773690186 +224 70109157200                                          
57FMABBO09  773680187 +211 63 92141174195                                       
57FMABBO09  773680188 +213 61110131156193                                       
57FMABBO091  73670193 +250 77127156173202233                                    
57FMABBO09  773660194 +245 66102135161193210229                                 
57FMABBO091  73650195 +277 68 98131159176218236271                              
57FMABBO091  73690196 +259 68111160215                                          
57FMABBO09  773691197 +232 70110151192                                          
57FMABBO09  773691198 +230 59 95150196                                          
57FMABBO09  773691199 +232 70120154201                                          
57FMABBO09  773680200 +262 75133169200240                                       
57FMABBO09  773660201 +293 64 96128151185227270                                 
57FMABBO09  773690202 +202 65104131177                                          
57FMABBO09  773690203 +207 63116150186                                          
57FMABBO09  773690204 +224 62110157202                                          
57FMABBO09  773680205 +237 65 99126164205                                       
57FMABBO09  473660206 +244 54 84113153194213223                                 
57FMABBO09  473680208 +232 64103135165208                                       
57FMABBO09  473690209 +200 63114146183                                          
57FMABBO09  473671211 +248 56 86118162194222                                    
57FMABBO09  473670212 +238 62 93140178201231                                    
57FMABBO09  473680213 +223 62101144173200                                       
57FMABBO09  473680214 +235 53 89115158206                                       
57FMABBO09  473680215 +242 60107137175208                                       
57FMABBO09  473691216 +205 71108138189                                          
57FMABBO09  473681217 +190 60110131148177                                       
57FMABBO09  473700218 +182 58104148                                             
57FMABBO09  473691219 +183 54 84117162                                          
57FMABBO09  773681220 +189 71120138160181                                       
57FMABBO09  773681221 +170 67105115132156                                       
57FMABBO09  773680192 +236 66 99129165208                                       
57FMABBO09  773680223 +217 59 92121157194                                       
57FMABBO09  773680224 +230 64101133168205                                       
57FMABBO09  773680225 +263 61101142189231                                       
57FMABBO09  773680226 +226 72119143172212                                       
57FMABBO09  773680227 +232 62107129172215                                       
57FMABBO09  773681228 +225 67119141170207                                       
57FMABBO09  773670229 +249 60 89152183224243                                    
57FMABBO09  773680230 +235 69113133175212                                       
57FMABBO09  473670231 +243 72118143167192215                                    
57FMABBO09  473670233 +235 51 93134156187219                                    
57FMABBO09  473670234 +235 56 87113156201221                                    
57FMABBO09  473680235 +230 66 98130168210                                       
57FMABBO09  473670238 +270 58100145174208242                                    
57FMABBO09  473680239 +210 59 93118156194                                       
57FMABBO09  473680241 +233 72118161204218                                       
57FMABBO09  473671242 +243 58 84126156205222                                    
57FMABBO09  473690243 +198 67109158186                                          
57FMABBO09  473680244 +212 74103123148189                                       
57FMABBO09  473691245 +188 54 87130169                                          
57FMABBO09  473690247 +170 57 91135158                                          
57FMABBO09  473701248 +158 64114147                                             
57FMABBO09  473660249 +280 57101151195216247271                                 
57FMABBO09  473680250 +240 54 90117162193                                       
57FMABBO09  473660251 +285 55 83126170196224256                                 
57FMABBO09  473660252 +290 64101140189220248278                                 
57FMABBO09  473670253 +248 58 91127165194220                                    
57FMABBO09  473680254 +220 55 90123156194                                       
57FMABBO09  473680255 +232 61 97137174209                                       
57FMABBO09  473681256 +220 62118151175210                                       
57FMABBO09  473691257 +200 61106144183                                          
57FMABBO09  473690258 +228 67113147195                                          
57FMABBO09  473680259 +223 68117146172203                                       
57FMABBO09  473700260 +155 58115139                                             
57FMABBO09  473680261 +251 58101121161211                                       
57FMABBO09  473701262 +159 64106135                                             
57FMABBO09  473710264 +156 67121                                                
