67FMABBO 9 2988830300 +189 84105130151168189                                    
67FMABBO 9 2988860301 +142 76108142                                             
67FMABBO 9 2988840302 +149 79 99124141149                                       
67FMABBO 9 2988840303 +180 73114148173180                                       
67FMABBO 9 2988850304 +174 75122146174                                          
67FMABBO 9 2988850305 +169 75117149169                                          
67FMABBO 9 2988850306 +159 85114137159                                          
67FMABBO 9 2988810307 +219 73104141169184195205219                              
67FMABBO 9 2988830308 +222 98142160183202222                                    
67FMABBO 9 2988840309 +200 80126152173200                                       
67FMABBO 9 2988820310 +250 80115146186214239250                                 
67FMABBO 9 2988830311 +202 96139151166182202                                    
67FMABBO 9 2988840312 +180 86116139160180                                       
67FMABBO 9 3588850313 +160 80105135160                                          
67FMABBO 9 3588830314 +195 80107132149172195                                    
67FMABBO 9 3588840315 +171 80115141152171                                       
67FMABBO 9 3588840316 +204 97135165187204                                       
67FMABBO 9 3588820317 +241 97128173187205223241                                 
67FMABBO 9 3588840318 +194 90121148172194                                       
67FMABBO 9 3588840319 +189 92123148175189                                       
67FMABBO 9 3588840320 +189100128152168189                                       
67FMABBO 9 3588830321 +184 92132145157168184                                    
67FMABBO 9 3588830322 +192 87120145156166192                                    
67FMABBO 9 3588840323 +205 86129160187205                                       
67FMABBO 9 3588850324 +163 71108141163                                          
67FMABBO 9 3188850325 +175 89128153175                                          
67FMABBO 9 3188830326 +177 77108130144161177                                    
67FMABBO 9 3188850327 +153 78114133153                                          
67FMABBO 9 3188830328 +179 87123143157167179                                    
67FMABBO 9 3188840329 +190 90131149172190                                       
67FMABBO 9 3188840330 +164 93114129146164                                       
67FMABBO 9 3188830331 +176 73107131145158176                                    
67FMABBO 9 3188840333 +182 90121142160182                                       
67FMABBO 9 3188840334 +166 86117139156166                                       
67FMABBO 9 3188830335 +194 89130151166180194                                    
67FMABBO 9 3188820337 +196 80110141150160175196                                 
67FMABBO 9 3188830338 +186 86131149161176186                                    
67FMABBO 9 3188850339 +191 85109167191                                          
67FMABBO 9 3188820340 +205 74101151174181195205                                 
67FMABBO 9 3188850341 +160 74110134160                                          
67FMABBO 9 3188840342 +188 76115140168188                                       
67FMABBO 9 3188830343 +178 88131148157167178                                    
67FMABBO 9 3188810345 +250 88116155181210225241250                              
67FMABBO 9 3188820346 +260 96145195215228242260                                 
67FMABBO 9 3188820347 +285 94137196232247268285                                 
67FMABBO 9 3188840348 +175 78114140170175                                       
67FMABBO 9 3188860349 +150 79123150                                             
67FMABBO 9 3188850350 +153 79116133153                                          
67FMABBO 9 3188850351 +145 61 92119145                                          
67FMABBO 9 3188830352 +186 87135152161171186                                    
67FMABBO 9 3188830353 +176 69 94123144158176                                    
67FMABBO 9 3188830354 +204 74105139161183204                                    
67FMABBO 9 3388830356 +235 91142174196218235                                    
67FMABBO 9 3388820357 +207 82107134168187199207                                 
67FMABBO 9 3388820359 +252 84144194210220238252                                 
67FMABBO 9 3388840360 +177 78116138156177                                       
67FMABBO 9 3388810361 +250 77107148182200212236250                              
67FMABBO 9 3388860362 +138 75112138                                             
67FMABBO 9 3288830363 +194 82131153163179194                                    
67FMABBO 9 3288830364 +186 75106129150166186                                    
67FMABBO 9 3288800365 +267 81126155182210234250261267                           
67FMABBO 9 3288830366 +168 65 96121140153168                                    
67FMABBO 9 3288830368 +185 92133150158171185                                    
67FMABBO 9 3288830370 +155 66104122136151155                                    
67FMABBO 9 3288850371 +161 74107139161                                          
67FMABBO 9 3288840372 +195 85120140158195                                       
67FMABBO 9 3288830373 +189 68100132153169189                                    
67FMABBO 9 3288830374 +160 62100121130146160                                    
67FMABBO 9 3688830375 +207 68106131165188207                                    
67FMABBO 9 3688830376 +194 87134153166181194                                    
67FMABBO 9 3688820377 +277114159190214239258277                                 
67FMABBO 9 3688820378 +206 71 96118148169191206                                 
67FMABBO 9 3688830379 +204 87119141160188204                                    
67FMABBO 9 3688830380 +209 80100132161185209                                    
67FMABBO 9 3688840381 +201 96132148180201                                       
67FMABBO 9 3688840382 +180 86114139162180                                       
67FMABBO 9 3688830383 +202 80102133158180202                                    
67FMABBO 9 3688840384 +194 79120144169194                                       
67FMABBO 9 3688840386 +197 96121149178197                                       
67FMABBO 9 3688800387 +279 87126170206235243253268279                           
67FMABBO 9 3688830388 +205 91145161175187205                                    
67FMABBO 9 3688830389 +205 87131149171188205                                    
67FMABBO 9 3688820390 +244 88124168193210228244                                 
67FMABBO 9 3688820391 +228 85131148172189212228                                 
67FMABBO 9 3688830392 +204 85121147169190204                                    
67FMABBO 9 3688810393 +216 97134166190198204208216                              
67FMABBO 9 3688840394 +192 89120147171192                                       
67FMABBO 9 3688840395 +203 94124153181203                                       
67FMABBO 9 3688820396 +244100128154178203226244                                 
67FMABBO 9 3688800397 +266 91129179214240246249257266                           
67FMABBO 9 3688830398 +208 74105142166189208                                    
67FMABBO 9 3688820400 +252 99157195207219238252                                 
67FMABBO 9 3688830401 +209 90137159177198209                                    
67FMABBO 9 3688800403 +272 99140160189236245250263272                           
67FMABBO 9 3688820405 +280 98150181194227254280                                 
67FMABBO 9 3688830406 +206 95139154174191206                                    
67FMABBO 9 3688820408 +251 80104163189215234251                                 
67FMABBO 9 3688830409 +212 82108129173193212                                    
67FMABBO 9 3688820410 +230 83112166182193217230                                 
67FMABBO 9 3688800411 +285 83126176215246252263275285                           
67FMABBO 9 3688820413 +222 73107141162186204222                                 
67FMABBO 9 3688820414 +233 96142181194206221233                                 
67FMABBO 9 3688810415 +220 80112134173187196208220                              
67FMABBO 9 3688820416 +234 91136183201213222234                                 
67FMABBO 9 3688840417 +218 87129152190218                                       
67FMABBO 9 3688810419 +238 91138184206212218230238                              
67FMABBO 9 3688830421 +208 92151172182196208                                    
67FMABBO 9 3688810423 +257 83119153192210222243257                              
67FMABBO 9 3688830424 +201 91126142165183201                                    
67FMABBO 9 2888830425 +222 98139165191208222                                    
67FMABBO 9 2888850426 +170 88114144170                                          
67FMABBO 9 2888840427 +218 99143175200218                                       
67FMABBO 9 2888840428 +154 76102130146154                                       
67FMABBO 9 2888840429 +195 86123144175195                                       
67FMABBO 9 2888820430 +211 83121146167179195211                                 
67FMABBO 9 2888830431 +197 73105135160180197                                    
67FMABBO 9 2888820432 +207 93136150161180197207                                 
67FMABBO 9 2888820433 +205 91136165173181195205                                 
67FMABBO 9 2888840434 +180 94122141162180                                       
67FMABBO 9 2888820435 +201 87123138153168187201                                 
67FMABBO 9 2888830436 +205 70104132159183205                                    
67FMABBO 9 2888830437 +207 89117149169191207                                    
67FMABBO 9 2888840438 +196 96129150174196                                       
67FMABBO 9 2888800439 +294105151188224249266276282294                           
67FMABBO 9 2888840440 +214 93137164189214                                       
67FMABBO 9 2888820441 +195 90133162168179185195                                 
67FMABBO 9 2888860442 +149 81116149                                             
67FMABBO 9 2888820443 +251 97140181207228238251                                 
67FMABBO 9 2888820444 +191 78126151164171184191                                 
67FMABBO 9 2888820445 +198 76108147158170183198                                 
67FMABBO 9 2888830446 +199 83104139158181199                                    
67FMABBO 9 2888820447 +212 77104137154167190212                                 
67FMABBO 9 2888830448 +200 87114143163185200                                    
67FMABBO 9 2888830449 +200 82110139158181200                                    
67FMABBO 9 2888820450 +260 94143188204220241260                                 
67FMABBO 9 2888830451 +166 64 98124141152166                                    
67FMABBO 9 2888830452 +187 73105128145168187                                    
67FMABBO 9 2888830453 +200 78100120144175200                                    
67FMABBO 9 2888840454 +189 85121143167189                                       
67FMABBO 9 2888850455 +161 74103136161                                          
67FMABBO 9 2888830456 +198 72123146165181198                                    
67FMABBO 9 2888820457 +210 91119135153171195210                                 
67FMABBO 9 2888820459 +245 96143187207218230245                                 
67FMABBO 9 2888810460 +262 94133164204222239256262                              
67FMABBO 9 2888840461 +190 81132156172190                                       
67FMABBO 9 2888820462 +204 79110144157172191204                                 
67FMABBO 9 2888840464 +198 94130148173198                                       
67FMABBO 9 2888840465 +195 93126141170195                                       
67FMABBO 9 3488850467 +174 94121155174                                          
67FMABBO 9 3488850468 +149 64 91118149                                          
67FMABBO 9 3488860469 +145 86124145                                             
67FMABBO 9 3488840470 +182 83117140162182                                       
67FMABBO 9 3488860471 +140 82110140                                             
67FMABBO 9 3488850472 +155 61103126155                                          
67FMABBO 9 3488850473 +156 76105133156                                          
67FMABBO 9 3488860474 +133 82104133                                             
67FMABBO 9 3488850475 +146 76 99125146                                          
67FMABBO 9 3488850476 +189 80112150189                                          
67FMABBO 9 3488860477 +143 84113143                                             
67FMABBO 9 3488820478 +209 83113152164177195209                                 
67FMABBO 9 3488820479 +201 84122154166180190201                                 
67FMABBO 9 3488830480 +186 85124146158172186                                    
67FMABBO 9 3488850481 +144 69104124144                                          
67FMABBO 9 3488780482 +259 87115160186203224237243251255259                     
67FMABBO 9 3488850483 +145 61 90120145                                          
67FMABBO 9 3488860484 +142 86115142                                             
67FMABBO 9 3488860485 +150 87120150                                             
67FMABBO 9 2888830487 +219 79111151171197219                                    
67FMABBO 9 2888830488 +194 83115140158180194                                    
67FMABBO 9 2888860489 +163 91131163                                             
67FMABBO 9 2888830490 +204 82118142162187204                                    
67FMABBO 9 2888840491 +187 85124143161187                                       
67FMABBO 9 2988840492 +196 93120146171196                                       
67FMABBO 9 2988840493 +188 84119140164188                                       
67FMABBO 9 2988820494 +187 84124160166172179187                                 
67FMABBO 9 2988850495 +167 85111137167                                          
67FMABBO 9 2988840496 +173 75105127140173                                       
67FMABBO 9 2988860497 +132 76103132                                             
67FMABBO 9 2988850498 +150 74102130150                                          
67FMABBO 9 2988820499 +193 81123152159170176193                                 
67FMABBO 9 2988860500 +129 74104129                                             
67FMABBO 9 2988840501 +183 84115138162183                                       
67FMABBO 9 3388820358 +172 48 84111132149161172                                 
67FMABBO 9 3688800407 +226 59109124134151168182201226                           
67FMABBO 9 3688830418 +206 68121153176195206                                    
67FMABBO 9 3688830420 +206 52 80109140175206                                    
67FMABBO 9 3288840367 +184 75112133153184                                       
67FMABBO 9 3688830385 +192 63111130149171192                                    
67FMABBO 9 3688830399 +207 51 83125159180207                                    
67FMABBO 9 3688840422 +192 78112144173192                                       
67FMABBO 9 2888810458 +272 52 79132173193223251272                              
67FMABBO 9 3488850486 +152 59 95122152                                          
67FMABBO 9 2888820463 +260 68138186202220237260                                 
