57FMABBO02  279720001  212 61110147174192204212
57FMABBO02  279740002  179 59114147162179
57FMABBO02  279720003  235 84132174199219229235
57FMABBO02  279740004  212 58113149189212
57FMABBO02  279750005  154 62117137154
57FMABBO02  279720006  222 62103143183208217222
57FMABBO02  279730007  214 61 96148183205214
57FMABBO02  279720008  212 59 96128161185203212
57FMABBO02  279730009 +210 69102141174194208
57FMABBO02  279730010 +234 62107151189218231
57FMABBO02  279730012 +204 64105145173191201
57FMABBO02  279730013  212 58107155181195212
57FMABBO02  279740014  161 60 95126151161
57FMABBO02  279740015  213 78126175192213
57FMABBO02  279720016  202 64 98135165190193202
57FMABBO02  279730017 +220 67119165194211217
57FMABBO02  279740018  211 74114160188211
57FMABBO02  279740019  181 65104136165181
57FMABBO02  279730020  217 67 97129168190217
57FMABBO02  279720021  226 68117158196208218226
57FMABBO02  279740022  199 61111152180199
57FMABBO02  279720023  217 63 90132168191204217
57FMABBO02  279720024  207 59 97134169190203207
57FMABBO02  279740025  183 53 96143163183
57FMABBO02  279730026 +205 62110144178196202
57FMABBO02  279740027 +195 64105142171193
57FMABBO02  279720028  226 65108148182206220226
57FMABBO02  279720029  228 73133159192206221228
57FMABBO02  279720030  229 55 94140177202215229
57FMABBO02  279740031  197 64123156178197
57FMABBO02  279730032  231 68128165201224231
57FMABBO02  279730034  198 65112142165186198
57FMABBO02  279730035  237 71118170207227237
57FMABBO02  279740036 +201 69125154182198
57FMABBO02  279740037 +242 71120163221238
57FMABBO02  279710039  234 67108145166204222231234
57FMABBO02  279720040  216 64103151186202209216
57FMABBO02  279730041 +230 61127161185202209
57FMABBO02  279730042  214 63119160183198214
57FMABBO02  279720043  214 63108144173191210214
57FMABBO02  279720044  233 65112146178206224233
57FMABBO02  279710046  231 69108140166196207224231
57FMABBO02  279720047  229 71128159183198211229
57FMABBO02  279740048  210 67122166191210
57FMABBO02  279740049  195 65113149185195
57FMABBO02  279740050  221 81133174200221
57FMABBO02  279740051  216 76126168208216
57FMABBO02  279730052  225 70129162195218225
57FMABBO02  279720053  247 73113156201231238247
57FMABBO02  279730054 +223 51 85127180206221
57FMABBO02  279730055  208 69108144178196208
57FMABBO02  279720056  221 66123166194211216221
57FMABBO02  279740057  207 66118161186207
57FMABBO02  279730058  218 61113164180195218
57FMABBO02  279730059  218 73115146172192218
57FMABBO02  279720060  223 62105142178199215223
57FMABBO02  279730061  221 64115151189205221
57FMABBO02  279720062  215 57105134169192200215
57FMABBO02  279720063  202 62 93127151180192202
57FMABBO02  279720064 +234 65103148187210220231
57FMABBO02  279720065  223 67124158184205215223
57FMABBO02  279700069  240 59 90118170190205221232240
57FMABBO02  279730070  224 63112154191207224
57FMABBO02  279720071  234 63127170195213227234
57FMABBO02  279720072  219 62110151178197211219
57FMABBO02  279720073  232 63110152194213221232
57FMABBO02  279720074  202 54 87108146171188202
57FMABBO02  279720075 +207 63 95129160183196204
57FMABBO02  279740076  185 65124153170185
57FMABBO02  279740077  215 62108148185215
57FMABBO02  279710078  240 71115140183210226234240
57FMABBO02  279720079  213 59 90147176195205213
57FMABBO02  279740080  237 68127173208237
57FMABBO02  279720081  252 68121169202230246252
57FMABBO02  279730082  201 54 87137171192201
57FMABBO02  279730083 +215 62 94136174197213
57FMABBO02  279720084  227 56 91137181201214227
57FMABBO02  279740085  210 74118158186210
57FMABBO02  279720086  240 81134175206221230240
57FMABBO02  279740087  198 61100152177198
57FMABBO02  279730088 +207 67116160181198205
57FMABBO02  279720089 +203 59 97131158179195201
57FMABBO02  279720090  234 58 88138188214227234
57FMABBO02  279720091  234 63106153187208226234
57FMABBO02  279740092  172 57104140157172
57FMABBO02  279720093 +240 73113148174206225238
57FMABBO02  279730094  224 68129163187208224
57FMABBO02  279720095 +222 66108146182198211220
57FMABBO02  279720096  250 69106138181209231250
57FMABBO02  279730097  238 73116164202208238
57FMABBO02  279720098  223 62104143182205216223
57FMABBO02  279720099  190 62 94124154174183190
57FMABBO02  279740100  198 61112141172198
57FMABBO02  279740101  193 63 99141176193
57FMABBO02  279730102  225 65103140179207225
57FMABBO02  279740103  169 58113145161169
57FMABBO02  279720104  215 60 96139171198209215
57FMABBO02  279740106  204 63113152181204
57FMABBO02  279720107  220 62111141176197213220
57FMABBO02  279700108  248 72130164210215223236243248
57FMABBO02  279740109  204 66126155185204
57FMABBO02  279730110  225 75115152186206225
57FMABBO02  279720111  238 60 96139183209224238
57FMABBO02  279740112  214 66113165194214
57FMABBO02  279730113 +227 69126164192213224
57FMABBO02  279730114  185 47 76123154174185
57FMABBO02  279720115  225 73116153185203215225
57FMABBO02  279720116  226 66118163177197216226
57FMABBO02  279720119  229 62 93140191208219229
57FMABBO02  279730120  212 65116153180199212
57FMABBO02  279720121  229 70123159191213220229
57FMABBO02  279720122  235 69122165203223230235
57FMABBO02  279740123 +234 68117155201230
57FMABBO02  279730124  202 67117145174195202
57FMABBO02  279710125  230 54 88130161195210221230
57FMABBO02  279720126  212 61116149179197205212
57FMABBO02  279740127  207 64114155181207
57FMABBO02  279720128  242 81130169198217229242
57FMABBO02  279720129  215 63 99145170200210215
57FMABBO02  279720130  205 53 95129159183201205
57FMABBO02  279730131  222 65106155179203222
57FMABBO02  279730132  196 59115155166189196
57FMABBO02  279720133  226 69109141180201216226
57FMABBO02  279720134  245 51 81130177209231245
57FMABBO02  279730135  205 52 84110151176205
57FMABBO02  279720136  215 61104149177196209215
57FMABBO02  279740137  192 60108141174192
57FMABBO02  279720138  223 59111153189210219223
57FMABBO02  279720142  226 75127162188203218226
57FMABBO02  279720144  221 60 94129160184206221
57FMABBO02  279720145  228 64114154190208218228
57FMABBO02  279720146  221 56 99145182201213221
57FMABBO02  279700147  249 64114140176203216229238249
57FMABBO02  279730148  204 54 94136170188204
57FMABBO02  279730149  221 69102144181216221
57FMABBO02  279720150  237 78126173198219227237
57FMABBO02  279730151  208 63 97140166192208
57FMABBO02  279740156  197 59111149172197
57FMABBO02  279720153  237 67103145186208225237
57FMABBO02  279730154  224 74126169197207224
57FMABBO02  279720155  237 64103148199220229237
57FMABBO02  279720157  232 54 81124159195217232
57FMABBO02  279720158  241 65118163196218229241
57FMABBO02  279740159  219 79131179203219
57FMABBO02  279720160  204 63100139175192199204
57FMABBO02  279730161  235 65124166197222235
57FMABBO02  279710163  245 66119140166179197227245
57FMABBO02  279740164  204 57 93139180204
57FMABBO02  279720165  243 62111152195221233243
57FMABBO02  279730166  210 65122151168190210
57FMABBO02  279720167  237 67106146183207224237
57FMABBO02  279730168  204 60100135165187204
57FMABBO02  279730169 +200 63105143174191198
57FMABBO02  279720171  195 61 82113137164180195
57FMABBO02  279720172  211 58102147164188201211
57FMABBO02  279730175  220 67122159194215220
57FMABBO02  279740176  189 59 90139163189
57FMABBO02  279740177  188 68113147174188
57FMABBO02  279740178  222 65104157193222
57FMABBO02  279730179  203 66104147180192203
57FMABBO02  279720180  208 61 97141170187203208
57FMABBO02  279720181  236 62107152192207224236
57FMABBO02  279730182 +216 60122160190207213
57FMABBO02  279740183  200 62108149177200
57FMABBO02  279720184  234 65 92142182206224234
57FMABBO02  279720185  226 71129162188201216226
57FMABBO02  279730187  213 65116156185197213
57FMABBO02  279720189  212 60 98136176196205212
57FMABBO09  279720190  225 68115139168198214225
57FMABBO09  279720191  228 60111152175199221228
57FMABBO09  279730192  210 64119155179194210
57FMABBO09  279730193  231 56 94131185208231
57FMABBO09  279730194  217 73105144182202217
57FMABBO09  279730195  202 63112154176192202
57FMABBO09  279720196  239 61 97143191219225239
57FMABBO09  279740197  200 60120164193200
57FMABBO09  279720198  245 85135179208230241245
57FMABBO09  279720199  234 62116160194214227234
57FMABBO09  279720200  226 56102149184203218226
57FMABBO02  179740001 +204 63114149181202
57FMABBO02  179730002  213 62116151178199213
57FMABBO02  179740003  204 58101144181204
57FMABBO02  179720004 +218 59 92129160183196216
57FMABBO02  179740005  193 65113151179193
57FMABBO02  179740006  194 55117149172194
57FMABBO02  179720007  221 60 99147177199212221
57FMABBO02  179740009  186 58115148171186
57FMABBO02  179730010 +236 58125172203221234
57FMABBO02  179740011  181 59117143168181
57FMABBO02  179740012  186 57101148171186
57FMABBO02  179740013  162 52 79124149162
57FMABBO02  179750014 +145 52103140143
57FMABBO02  179740015  183 62114148169183
57FMABBO02  179740016  146 57100121136146
57FMABBO02  179740017  165 62101133155165
57FMABBO02  179720018 +212 53 85125152168196210
57FMABBO02  179740019  169 61109141159169
57FMABBO02  179740020  188 61112139170188
57FMABBO02  179720021  179 55101134151163174179
57FMABBO02  179720022  205 54 85127160180197205
57FMABBO02  179740023  163 53109138154163
57FMABBO02  179720024  218 60100146178202213218
57FMABBO02  179740025  179 59107146170179
57FMABBO02  179740026 +200 63100137169197
57FMABBO02  179730027  227 60121152179207227
57FMABBO02  179740028  187 67111148168187
57FMABBO02  179740029  200 66116153178200
57FMABBO02  179720030  244 64110162196220234244
57FMABBO02  179730031 +202 70104133171190199
57FMABBO02  179740033  202 62107154191202
57FMABBO02  179740035  187 70102136160187
57FMABBO02  179740034  173 59111147167173
57FMABBO02  179740036  192 58 89131166192
57FMABBO02  179730037 +202 66109146170192200
57FMABBO02  179730039  209 60109153181201209
57FMABBO02  179730038  204 63118148168191204
57FMABBO02  179740040  188 61119154172188
57FMABBO02  179740041  175 52 96132160175
57FMABBO02  179740042  195 61128164183195
57FMABBO02  179740043  173 67113145165173
57FMABBO02  179740044  162 55105133153162
57FMABBO02  179750045 +155 59100135144
57FMABBO02  179740046  180 59106149166180
57FMABBO02  179740047  186 58104148176186
57FMABBO02  179740048  186 68126151170186
57FMABBO02  179740049  172 60 96132160172
57FMABBO02  179720050  219 64125156184203214219
57FMABBO02  179740051 +185 63117146170183
57FMABBO02  179730052 +211 68118153176191198
57FMABBO02  179740054  178 63107137161178
57FMABBO02  179710053  243 55 83131161190213227243
57FMABBO02  179740055  172 66 98132156172
57FMABBO02  179730056 +218 65115146175196216
57FMABBO02  179740058 +205 52 98142174203
57FMABBO02  179740059  190 65123164182190
57FMABBO02  179740060 +173 57 95138161171
57FMABBO02  179740061  191 66108151175191
57FMABBO02  179740062  165 55104134155165
57FMABBO02  179730063 +212 66111155185202209
57FMABBO02  179730064  207 59108157189198207
57FMABBO02  179750065  153 59105142153
57FMABBO02  179740066  175 60106135140175
57FMABBO02  179740067  193 59113159181193
57FMABBO02  179730068  222 67120158190212222
57FMABBO02  179740069  175 63115147169175
57FMABBO02  179740070  193 64124155180193
57FMABBO02  179740071  235 62105167205235
57FMABBO02  179720072  200 62103135169184193200
57FMABBO02  179740073  180 67113144166180
57FMABBO02  179730074  165 52 82107142158165
57FMABBO02  179740075  201 63111147179201
57FMABBO02  179740076  232 60111163196232
57FMABBO02  179730077 +178 58 87113140164176
57FMABBO02  179740078  161 51 96130149161
57FMABBO02  179740079  184 58116144169184
57FMABBO02  179730081  189 68109150172186189
57FMABBO02  179720083  248 61108155203225243248
57FMABBO02  179740082  183 64 94139165183
57FMABBO02  179720084  234 64110160198215224234
57FMABBO02  179720085  238 58105140178200220238
57FMABBO02  179730086  205 66119149173195205
57FMABBO02  179720087  236 63103144190214226236
57FMABBO02  179710088  250 65106132163196214239250
57FMABBO02  179730089  215 63106138177196215
57FMABBO02  179740090  185 56104151173185
57FMABBO02  179740091  186 61102147170186
57FMABBO02  179740092  185 59101138164185
57FMABBO02  179720094  237 66117156199214227237
57FMABBO02  179740095 +183 50 83126167180
