57FMABBO 912486841344 +120 47 94                                                
57FMABBO 912486820345 +165 65106140151                                          
57FMABBO 912486831346 +140 79 99123                                             
57FMABBO 912486840347 +126 75104                                                
57FMABBO 912486831348 +130 57100117                                             
57FMABBO 912486840349 +129 77106                                                
57FMABBO 912486841350 +119 72104                                                
57FMABBO 912486840351 +131 63101                                                
57FMABBO 912486831352 +143 74123134                                             
57FMABBO 912486830353 +172 72128155                                             
57FMABBO 912486821354 +200 67105148180                                          
57FMABBO 912486831355 +135 58104124                                             
57FMABBO 912486830356 +155 64113132                                             
57FMABBO 912486830357 +162 74125146                                             
57FMABBO 912486830358 +134 66117124                                             
57FMABBO 912486840359 +139 76121                                                
57FMABBO 912486840360 +124 75101                                                
57FMABBO 912486830361 +143 65112132                                             
57FMABBO 912486831362 +150 71124137                                             
57FMABBO 912486820363 +157 62 97128146                                          
57FMABBO 912486830364 +133 69103123                                             
57FMABBO 912486840365 +131 71105                                                
57FMABBO 912486830366 +142 66108128                                             
57FMABBO 912486830367 +136 62104122                                             
57FMABBO 912486830368 +130 69103117                                             
57FMABBO 912486841369 +135 79112                                                
57FMABBO 912486831370 +140 65115126                                             
57FMABBO 912486830371 +137 70113127                                             
57FMABBO 912486840372 +130 69103                                                
57FMABBO 912486830373 +135 63103124                                             
57FMABBO 912486841374 +130 76112                                                
57FMABBO 912486831375 +136 58112127                                             
57FMABBO 912486831376 +138 70109125                                             
57FMABBO 912486840377 +126 79102                                                
57FMABBO 912486841378 +128 72105                                                
57FMABBO 912486830379 +127 64 99116                                             
57FMABBO 912486840380 +127 68100                                                
57FMABBO 912486840381 +125 60103                                                
57FMABBO 912486841382 +124 80107                                                
57FMABBO 912486830383 +135 76108123                                             
57FMABBO 912486840384 +127 60105                                                
57FMABBO 912486841385 +134 81111                                                
57FMABBO 912486840386 +132 73118                                                
57FMABBO 912486840388 +122 66 93                                                
57FMABBO 912486841389 +123 64102                                                
57FMABBO 912486830390 +144 59111132                                             
57FMABBO 912486831391 +136 63109126                                             
57FMABBO 912486830392 +150 60107135                                             
57FMABBO 912486820393 +187 76126164178                                          
57FMABBO 912486811394 +186 74114150169177                                       
57FMABBO 912486820395 +167 71106140154                                          
57FMABBO 912486831396 +152 69127132                                             
57FMABBO 912486820397 +170 67107151161                                          
57FMABBO 912486821399 +161 61100127147                                          
57FMABBO 912486830400 +146 66116131                                             
57FMABBO 912486840402 +145 72119                                                
57FMABBO 912486831403 +156 70124137                                             
57FMABBO 912486820404 +180 77111151165                                          
57FMABBO 912486800405 +273 68123159209237259                                    
57FMABBO 912486820408 +191 66123162180                                          
57FMABBO 912486820409 +162 55 88127149                                          
57FMABBO 912486830410 +154 53106133                                             
57FMABBO 912486820411 +177 63112153166                                          
57FMABBO 912486820412 +171 70125157162                                          
57FMABBO 912486800413 +197 51 87124153176189                                    
57FMABBO 912486821414 +188 78125166180                                          
57FMABBO 912486810415 +203 70108160186194                                       
57FMABBO 912486831416 +153 65119137                                             
57FMABBO 912486820417 +184 61114156173                                          
57FMABBO 912486790418 +258 68102144177202242253                                 
57FMABBO 912486800419 +215 59113151181199210                                    
57FMABBO 912486820420 +168 75107139154                                          
57FMABBO 912486821421 +158 62105140148                                          
57FMABBO 912486820422 +170 54 98133147                                          
57FMABBO 912486820424 +170 65112148165                                          
57FMABBO 912486821425 +163 59101136149                                          
57FMABBO 912486800426 +223 63 93140178210220                                    
57FMABBO 912486830427 +153 75121143                                             
57FMABBO 912486830428 +155 73118141                                             
57FMABBO 912486830429 +163 72122154                                             
57FMABBO 912486811430 +186 67101133162175                                       
57FMABBO 912486820431 +190 54 74143167                                          
57FMABBO 912486820432 +182 69105152174                                          
57FMABBO 912486800434 +253 57101145181222240                                    
57FMABBO 912486810435 +253 66 98135192229                                       
57FMABBO 912486831436 +147 78118136                                             
57FMABBO 912486840437 +156 69120                                                
57FMABBO 912486841438 +129 77108                                                
57FMABBO 912486840439 +131 58105                                                
57FMABBO 912486841440 +118 51 93                                                
57FMABBO 912486831441 +144 72118133                                             
57FMABBO 912486830442 +167 59119145                                             
57FMABBO 912486831443 +128 56 87114                                             
57FMABBO 912486830445 +139 58 89116                                             
57FMABBO 912486831446 +138 69121132                                             
57FMABBO 912486820447 +151 53 79126140                                          
57FMABBO 912486831448 +133 69106123                                             
57FMABBO 913686830449 +135 60107123                                             
57FMABBO 913686830450 +127 57 80107                                             
57FMABBO 913686841451 +126 71105                                                
57FMABBO 913686841452 +131 66102                                                
57FMABBO 913686831453 +133 51 82108                                             
57FMABBO 913686840454 +126 67100                                                
57FMABBO 913686840455 +126 56103                                                
57FMABBO 913686830456 +135 67102118                                             
57FMABBO 913686841457 +126 69104                                                
57FMABBO 913686840458 +130 69106                                                
57FMABBO 913686830459 +162 54116137                                             
57FMABBO 913686840461 +128 69103                                                
57FMABBO 913686830462 +151 61117134                                             
57FMABBO 913686840463 +127 68106                                                
57FMABBO 913686840464 +126 74105                                                
57FMABBO 913686841465 +130 67106                                                
57FMABBO 913686841466 +127 68102                                                
57FMABBO 913686831467 +130 66105119                                             
57FMABBO 913686840468 +134 74108                                                
57FMABBO 913686840469 +128 67103                                                
57FMABBO 913686831470 +154 60113141                                             
57FMABBO 913686830471 +157 66117141                                             
57FMABBO 913686831472 +136 78 99119                                             
57FMABBO 913686841473 +131 74108                                                
57FMABBO 913686840474 +128 76105                                                
57FMABBO 913686841475 +130 67104                                                
57FMABBO 913686831476 +155 61115138                                             
57FMABBO 913686830477 +143 69102125                                             
57FMABBO 913686831478 +129 68107113                                             
57FMABBO 913686831479 +157 76113141                                             
57FMABBO 913686831480 +150 65102125                                             
57FMABBO 913686821481 +157 60 83131141                                          
57FMABBO 913686840482 +134 61103                                                
57FMABBO 913686831483 +137 62 88117                                             
57FMABBO 913686840484 +127 66 98                                                
57FMABBO 913686841485 +127 71110                                                
57FMABBO 913686831486 +133 53 83111                                             
57FMABBO 913686830487 +165 71121143                                             
57FMABBO 913686821488 +191 62118165178                                          
57FMABBO 913686831489 +162 64119146                                             
57FMABBO 913686840490 +142 62120                                                
57FMABBO 913686840491 +133 77106                                                
57FMABBO 913686840492 +130 66105                                                
57FMABBO 913686841493 +131 77107                                                
57FMABBO 913686840494 +145 63120                                                
57FMABBO 913686831495 +136 53 82116                                             
57FMABBO 913686840496 +125 67101                                                
57FMABBO 913686831497 +134 62110122                                             
57FMABBO 913686830498 +141 65106130                                             
57FMABBO 913686841499 +130 69105                                                
57FMABBO 913686830500 +160 63115141                                             
57FMABBO 913686831501 +152 71107135                                             
57FMABBO 913686830502 +150 79125138                                             
57FMABBO 913686831503 +154 70116140                                             
57FMABBO 913686820504 +158 72 95141150                                          
57FMABBO 913686821505 +161 70115145152                                          
57FMABBO 913686831506 +150 67113133                                             
57FMABBO 913686830507 +151 60105129                                             
57FMABBO 913686820508 +175 66108136159                                          
57FMABBO 913686821509 +155 63 92114136                                          
57FMABBO 913686830510 +176 75130154                                             
57FMABBO 913686831511 +149 59116138                                             
57FMABBO 913686821512 +192 71125166182                                          
57FMABBO 913686821513 +167 63108145153                                          
57FMABBO 913686820514 +175 74118145164                                          
57FMABBO 913686800516 +242 79122158199230234                                    
57FMABBO 913686820517 +173 56102151165                                          
57FMABBO 913686811518 +190 64115142159169                                       
57FMABBO 913686831519 +166 68117142                                             
57FMABBO 913686831520 +162 62110140                                             
57FMABBO 913686830521 +168 64117143                                             
57FMABBO 913686821522 +197 79118158182                                          
57FMABBO 913686820524 +182 64107152167                                          
57FMABBO 913686820525 +192 72106159181                                          
57FMABBO 913686830526 +156 61113133                                             
57FMABBO 913686830527 +159 59112141                                             
57FMABBO 913686820528 +173 59102142159                                          
57FMABBO 913686810529 +157 51 83107128146                                       
57FMABBO 913686821530 +161 62111142156                                          
57FMABBO 913686821531 +166 64111145160                                          
57FMABBO 913686830532 +156 57 84125                                             
57FMABBO 913686820533 +186 64104150169                                          
57FMABBO 913686821534 +163 73113145153                                          
57FMABBO 913686821535 +165 66 96139154                                          
57FMABBO 913686821536 +186 70118160177                                          
57FMABBO 913686830537 +166 76129152                                             
57FMABBO 913686831539 +166 55115150                                             
57FMABBO 913686840540 +148 73121                                                
57FMABBO 913686830541 +167 70125149                                             
57FMABBO 913686811542 +212 58112159198204                                       
57FMABBO 913686830543 +170 59101141                                             
57FMABBO 913686821544 +170 72123153161                                          
57FMABBO 913686821545 +160 57103135151                                          
57FMABBO 913686830546 +170 61124150                                             
57FMABBO 913686831547 +160 78114143                                             
57FMABBO 913686830548 +166 59117146                                             
57FMABBO 913686811550 +176 50 80118151168                                       
57FMABBO 913686821551 +177 74108146163                                          
57FMABBO 913686820552 +190 63116158173                                          
57FMABBO 913686810553 +222 76120168206213                                       
