57FMABBO 923685830  1 +145 67125
57FMABBO 923685801  2 +218 53 96141187213
57FMABBO 923685800  3 +203 60 93136151192
57FMABBO 923685790  4 +237 57 94141174212232
57FMABBO 923685820  5 +205 64130183
57FMABBO 923685800  6 +252 56 84139185232
57FMABBO 923685810  7 +205 56 98160196
57FMABBO 923685820  8 +174 64104158
57FMABBO 923685821  9 +167 56 91148
57FMABBO 923685820 10 +177 64109158
57FMABBO 923685821 11 +172 69128157
57FMABBO 923685820 12 +195 68126177
57FMABBO 923685800 13 +248 64104140190235
57FMABBO 923685790 14 +247 65118153190220239
57FMABBO 923685801 15 +237 71137167199232
57FMABBO 923685800 16 +226 73107147183216
57FMABBO 923685800 17 +234 79129170205221
57FMABBO 923685790 18 +260 53 85117171216255
57FMABBO 923685790 19 +260 77107147183223250
57FMABBO 923685800 20 +265 71115173212256
57FMABBO 923685780 21 +287 74127166198228251279
57FMABBO 923685800 22 +242 60100154195229
57FMABBO 923685790 23 +239 66113137189216231
57FMABBO 923685821 24 +163 45126154
57FMABBO 923685820 25 +167 67118155
57FMABBO 923685800 26 +203 63100131168193
57FMABBO 923685801 27  200 73118162195200
57FMABBO 923685820 28 +169 73130157
57FMABBO 923685810 29 +174 54 86114158
57FMABBO 923685810 30 +206 60108156196
57FMABBO 923685820 31 +166 69119155
57FMABBO 923685810 32 +210 72113150195
57FMABBO 923685780 33 +260 71118167199230248257
57FMABBO 923685800 34 +204 61 98133172195
57FMABBO 923685770 35 +285 64110161196224241263280
57FMABBO 923685781 36 +259 71116149171199223256
57FMABBO 923685780 37 +228 65 97137169184200223
57FMABBO 923685821 39 +177 60107161
57FMABBO 923685790 40 +247 65121151176215239
57FMABBO 923685800 41 +210 54 89121163202
57FMABBO 923685801 42 +200 57 92131170198
57FMABBO 923685820 43 +163 58105149
57FMABBO 923685780 44 +250 72117161189212234245
57FMABBO 923685801 45 +205 59100138174200
57FMABBO 923685801 46 +197 55 95143181194
57FMABBO 923685800 47 +227 67 98134164217
57FMABBO 923685810 48 +205 68127163197
57FMABBO 923685820 49 +207 73127185
57FMABBO 923685800 50 +250 78118165205242
57FMABBO 923685790 51 +279 61 94145165222262
57FMABBO 923685800 52 +241 64104157198227
57FMABBO 923685800 53 +205 65106135169197
57FMABBO 923685821 54 +157 66110148
57FMABBO 923685800 55 +243 69110149197233
57FMABBO 923685810 56 +197 70132176191
57FMABBO 923685810 57 +210 55 91153194
57FMABBO 923685830 58 +132 62110
57FMABBO 923685830 59 +131 61110
57FMABBO 923685810 60 +206 61 96136170
57FMABBO 923685810 61 +195 74111139180
57FMABBO 923685800 62 +198 57101140174193
57FMABBO 923685821 63 +197 77119174
57FMABBO 923685811 64 +175 63108134165
57FMABBO 923685821 65 +206 71134190
57FMABBO 923685820 66 +192 63121176
57FMABBO 923685800 67 +201 63104132162198
57FMABBO 923685810 68 +203 51108161194
57FMABBO 923685810 69 +200 73137170195
57FMABBO 923685820 70 +170 63116164
57FMABBO 923685811 71 +188 52 92149178
57FMABBO 923685820 72 +192 75130176
57FMABBO 923685790 73 +224 62103139174200219
57FMABBO 923685831 74 +137 69122
57FMABBO 923685831 75 +140 60120
57FMABBO 923685831 76 +135 63118
57FMABBO 923685730 77 +280 69 97126140165181202224234250264275
57FMABBO 923685800 78 +255 55 87148200240
57FMABBO 923685820 79 +192 73123173
57FMABBO 923685831 80 +146 67128
57FMABBO 923685800 81 +240 57 94150197237
57FMABBO 923685800 82 +223 73122164198220
57FMABBO 923685780 83 +248 50 80125167186222243
57FMABBO 923685810 84 +236 69106183223
57FMABBO 923685781 85 +246 71127164189214236244
57FMABBO 923685800 86 +246 68120169209241
57FMABBO 923685820 87 +157 69110149
57FMABBO 923685790 88 +242 68 97139176212234
57FMABBO 923685811 89 +197 58123158192
57FMABBO 923685800 90 +235 70103155195227
57FMABBO 923685771 92 +243 60 86145179189211226242
57FMABBO 923685820 93 +180 58 99154
57FMABBO 923685800 94 +212 69106158188209
57FMABBO 923685800 95 +230 61 96148192225
57FMABBO 923685780 96 +268 50 84136177215240263
57FMABBO 923685800 97 +247 67117163205239
57FMABBO 923685821 98 +180 71123160
57FMABBO 923685800 99 +230 68115165200225
57FMABBO 923685791100 +218 66119157171195210
57FMABBO 9236858211010+187 62124173
57FMABBO 9236858001020+245 63100149198235
57FMABBO 923685811103 +191 64 94143183
57FMABBO 923685810104 +183 67108144173
57FMABBO 923685820105 +190 72129175
57FMABBO 923685800106 +244 73118167210236
57FMABBO 923685830107 +130 67116
57FMABBO 923685810108 +195 54 90139182
57FMABBO 923685800109 +238 57 99148199235
57FMABBO 923685790110 +250 84110141178212247
57FMABBO 923685811111 +209 66116167201
57FMABBO 923685800112 +239 74124163200236
57FMABBO 923685810113 +215 69127174207
57FMABBO 923685800114 +255 63105161203247
57FMABBO 923685830115 +134 59113
57FMABBO 923685751116 +268 66102136159182214224238258266
57FMABBO 923685800117 +205 57 94131163195
57FMABBO 923685791118 +237 76123160187216232
57FMABBO 923685800119 +240 59111153202235
57FMABBO 923685781120 +239 51 81137174199222234
57FMABBO 923685831121 +137 75127
57FMABBO 923685800122 +250 66102139201237
57FMABBO 923685820123 +169 58120155
57FMABBO 923685790124 +255 54103143182217247
57FMABBO 923685820125 +199 75131175
57FMABBO 923685801126 +191 52100129157186
57FMABBO 923685770127 +253 59 93132162186210230245
57FMABBO 923685800128 +193 64 91129156177
57FMABBO 923685820129 +174 76109159
57FMABBO 923685791130 +238 66123166188212228
57FMABBO 923685801131 +205 72107143172200
57FMABBO 923685811132 +161 67110143158
57FMABBO 923685800133 +238 59 92127181222
57FMABBO 923685790135 +220 65115150174193215
57FMABBO 923685820136 +174 69131163
57FMABBO 923685800137 +250 67109168203239
57FMABBO 923685800138 +222 57103149193219
57FMABBO 923685820139 +170 77115154
57FMABBO 923685810140 +182 51 85131168
57FMABBO 923685800141 +244 78113163211234
57FMABBO 923685810142 +212 68103147193
57FMABBO 923685810143 +228 57104171215
57FMABBO 923685810144 +215 62112165204
57FMABBO 923685800145 +217 73116158189208
57FMABBO 923685820146 +175 60110166
57FMABBO 923685791147  195 78127147172182195
57FMABBO 923685801148 +189 72111145170184
57FMABBO 923685800150 +175 52 83112148170
57FMABBO 923685830151 +136 65119
57FMABBO 923685830152 +134 69114
57FMABBO 923685831153 +130 64111
57FMABBO 923685831154 +135 58112
57FMABBO 923685831155 +131 66119
57FMABBO 923685830156 +141 68130
57FMABBO 923685830157 +138 76126
57FMABBO 923685831158 +128 68113
57FMABBO 922385831159 +142 65123
57FMABBO 922385831160 +137 75128
57FMABBO 922385830161 +141 65123
57FMABBO 922385831162 +139 66124
57FMABBO 922385820163 +152 60103140
57FMABBO 922385830164 +140 70123
57FMABBO 922385830165 +138 69123
57FMABBO 922385830166 +133 62112
57FMABBO 922385830167 +137 68120
57FMABBO 922385830168 +139 72123
57FMABBO 922385831169 +127 62107
57FMABBO 922385821170 +150 68121148
57FMABBO 922385830171 +138 79123
57FMABBO 922385831172 +134 71123
57FMABBO 922385831173 +132 70118
57FMABBO 922385830174 +137 70121
57FMABBO 922385831175 +132 60103
57FMABBO 922385831176 +132 71118
57FMABBO 922385830177 +135 76126
57FMABBO 922385830178 +138 69117
57FMABBO 922385830179 +139 69126
57FMABBO 922385830180 +137 72120
57FMABBO 922385830181 +153 71135
57FMABBO 922385830182 +141 62124
57FMABBO 922385830183 +125 68116
57FMABBO 922385831184 +131 65114
57FMABBO 922385830185 +134 55115
57FMABBO 922385831186 +135 70121
57FMABBO 922385831187 +138 69127
57FMABBO 922385830188 +141 60111
57FMABBO 922385830189 +140 72126
57FMABBO 922385830190 +138 71121
57FMABBO 922385830191 +148 69131
57FMABBO 922385820192 +151 72109137
57FMABBO 922385831193 +153 69125
57FMABBO 922385820194 +170 79127154
57FMABBO 922385820195 +156 47 86138
57FMABBO 922385821196 +151 65112145
57FMABBO 922385821197 +154 74113143
57FMABBO 922385821198 +148 48 79133
57FMABBO 922385820200 +153 62108141
57FMABBO 922385831201 +138 63122
57FMABBO 922385820202 +147 70106136
57FMABBO 922385830203 +151 62127
57FMABBO 922385811204 +168 50 82126157
57FMABBO 922385821205 +169 73128160
57FMABBO 922385821206 +181 69132175
57FMABBO 922385820207 +169 65116157
57FMABBO 922385790208 +190 54 89120154168179
57FMABBO 922385820209 +164 64115152
57FMABBO 922385810210 +178 71108150173
57FMABBO 922385820211 +156 76107132
57FMABBO 922385820212 +161 56111150
57FMABBO 922385801213 +185 71115151167180
57FMABBO 922385820214 +160 66113148
57FMABBO 922385820215 +172 64103150
57FMABBO 922385791216 +170 59 98135150161167
57FMABBO 922385810217 +174 54 96134163
57FMABBO 922385820218 +165 75122156
57FMABBO 922385821219 +168 69115153
57FMABBO 922385820220 +175 79126161
57FMABBO 922385820221 +162 65112154
57FMABBO 922385810222 +186 66112142177
57FMABBO 922385821223 +190 70129172
57FMABBO 922385791224  213 60 98131167190213
57FMABBO 922385780225 +248 59 92135159195229243
57FMABBO 922385790226 +240 66100138179198237
57FMABBO 922385790227 +206 58 95119148174192
57FMABBO 922385801228 +185 52 83126162182
57FMABBO 922385810229 +195 59117162183
57FMABBO 922385820230 +191 66118168
57FMABBO 922385821231 +189 68135176
57FMABBO 922385810232 +185 64101129167
57FMABBO 922385800233 +214 61118158188208
57FMABBO 922385810234 +185 47 85134170
57FMABBO 922385810235 +203 71120165194
57FMABBO 922385810236 +194 72110140189
57FMABBO 922385800237 +210 72107137166198
57FMABBO 922385791238 +226 68120158182196216
57FMABBO 922385810239 +232 70122181222
57FMABBO 922385810241 +235 68112172219
57FMABBO 922385780242 +244 76122156183204227241
57FMABBO 923685810243 +188 53 83136179
57FMABBO 923685810244 +223 70110169215
57FMABBO 923685830245 +144 66129
57FMABBO 923685820246 +173 62111149
57FMABBO 923685800248 +201 58 95123172192
57FMABBO 923685830249 +144 74126
57FMABBO 923685810250 +186 65 98127168
57FMABBO 923685830251 +143 73132
57FMABBO 923685820252 +149 60103138
57FMABBO 923685800253 +230 69107152189224
57FMABBO 923685820254 +195 76127179
57FMABBO 923685810255 +182 50 80114174
57FMABBO 923685800256 +210 60 96134175202
57FMABBO 923685800258 +230 63 97139188217
57FMABBO 923685820259 +170 66110159
57FMABBO 923685820260 +159 49 82138
57FMABBO 923685810261 +208 60109153197
57FMABBO 923685820262 +168 65109154
57FMABBO 923685800263 +253 66128178210244
57FMABBO 923685810264  183 71126171183
57FMABBO 923685800265 +230 75129172206227
57FMABBO 923685790267 +232 71114141178205229
57FMABBO 923685810268 +205 75111165197
57FMABBO 923685790269 +234 67 99132174207229
57FMABBO 923685810270 +217 52 72126194
57FMABBO 923685820271 +168 64107145
57FMABBO 923685820272 +138 62 99132
57FMABBO 923685820273 +149 70103138
57FMABBO 923685800274 +225 68 97137184215
57FMABBO 923685820275 +176 78122164
57FMABBO 923685810276 +199 53 97142183
57FMABBO 923685820277 +185 62103154
57FMABBO 923685830279 +146 78132
57FMABBO 923685820280 +156 65109139
57FMABBO 923685830281 +136 75106
57FMABBO 923685830282 +137 65122
57FMABBO 923685820283 +157 53 88143
57FMABBO 923685820284 +157 66101149
57FMABBO 923685830285 +135 70115
57FMABBO 923685810286 +186 56 83133177
57FMABBO 923685831287 +137 69127
57FMABBO 923685810289 +200 68103161192
57FMABBO 923685810290 +185 55 98142171
57FMABBO 923685820291 +138 61 94124
57FMABBO 923685830292 +135 70121
57FMABBO 923685831293 +136 54120
57FMABBO 923685830294 +143 70132
57FMABBO 923685831295 +143 77134
57FMABBO 923685830296 +131 68106
57FMABBO 923685830297 +143 73128
57FMABBO 923685821298 +149 59 95137
57FMABBO 923685830299 +138 63113
57FMABBO 923685821300 +145 65101137
57FMABBO 923685830301 +140 60117
57FMABBO 923685831302 +130 61114
57FMABBO 923685830303 +132 60123
57FMABBO 923685830304 +144 73125
57FMABBO 923685831305 +132 63118
57FMABBO 923685830306 +149 52129
57FMABBO 923685820307 +147 59 93128
57FMABBO 923685821308 +156 63114146
57FMABBO 923685810309 +167 66102143164
57FMABBO 923685810310 +172 51 81122154
57FMABBO 923685810311 +186 62107143177
57FMABBO 923685821312 +173 61121164
57FMABBO 923685820313 +179 74117165
57FMABBO 923685820314 +179 77117163
57FMABBO 923685810315 +195 56 84125175
57FMABBO 923685820316 +180 58117164
57FMABBO 923685821317 +170 65106150
57FMABBO 923685800318 +228 69107149190217
57FMABBO 923685831319 +145 72124
57FMABBO 923685820320 +189 67120172
57FMABBO 923685820321 +182 75134168
57FMABBO 923685770322 +268 48 90127167192212234253
57FMABBO 923685821323 +181 73122170
57FMABBO 923685801325 +202 71106146174199
57FMABBO 923685810326 +170 51 85132160
57FMABBO 923685821327 +181 59113167
57FMABBO 923685801328 +196 52 84131167187
57FMABBO 923685810329 +211 70122164197
57FMABBO 923685810331 +201 71126169195
57FMABBO 923685820332 +173 71119157
57FMABBO 923685811333 +187 72106157182
57FMABBO 923685790334 +200 56 91126154176195
57FMABBO 923685820335 +190 78123169
57FMABBO 923685820336 +150 49 83133
57FMABBO 923685801337 +194 76110142169186
57FMABBO 923685801338 +217 72108151172204
57FMABBO 923685820339 +188 69125178
57FMABBO 923685820340 +181 66114159
57FMABBO 923685810341 +183 65 96141172
57FMABBO 923685820342 +160 69116146
57FMABBO 923685820343 +177 64118161
57FMABBO 923685820344 +183 77129167
57FMABBO 923685811345 +197 66116160183
57FMABBO 923685820346 +178 64119168
57FMABBO 923685820347 +180 76130166
57FMABBO 923685820348 +165 60115160
57FMABBO 923685820349 +180 67120170
57FMABBO 923685791350 +191 49 80112145165186
57FMABBO 923685800351 +229 52 91145180215
57FMABBO 923685810352 +195 56 87149182
57FMABBO 923685810354 +205 60 97149187
57FMABBO 923685810355 +232 67119165209
57FMABBO 923685801356 +237 75117155206229
57FMABBO 923685800357 +247 65 90114183226
57FMABBO 923685800358 +265 74125180223255
57FMABBO 923685800359 +240 65101146196227
57FMABBO 923685781360 +244 73113151176198224238
57FMABBO 923685790362 +230 60104129168196225
57FMABBO 923685790363 +265 51 79135187228256
57FMABBO 923685790364 +243 64101143179214240
57FMABBO 923685800366 +263 62106158215255
57FMABBO 923685790367 +248 65104138174211243
57FMABBO 923685820368 +166 60115157
57FMABBO 923685820369 +148 67113140
57FMABBO 923685831370 +141 65130
57FMABBO 923685831371 +148 71136
57FMABBO 923685821372 +149 67106143
57FMABBO 923685821373 +170 72123159
57FMABBO 923685821374 +145 56109139
57FMABBO 922385811375 +169 55 87135160
57FMABBO 922385820376 +143 55 83126
57FMABBO 922385830377 +143 78128
57FMABBO 922385831378 +147 76135
57FMABBO 922385830379 +130 78119
57FMABBO 922385820380 +156 61102141
57FMABBO 922385831381 +135 69120
57FMABBO 922385830382 +150 68129
57FMABBO 922385821383 +155 62 97142
57FMABBO 922385821384 +148 69111137
57FMABBO 922385830385 +141 76125
57FMABBO 922385830386 +137 68118
57FMABBO 922385821387 +153 65102142
57FMABBO 922385831388 +134 61117
57FMABBO 922385820389 +175 60112160
57FMABBO 922385821390 +170 66114159
57FMABBO 922385821391 +165 66120154
57FMABBO 922385820392 +157 78119148
57FMABBO 922385821393 +163 80129155
57FMABBO 922385820394 +165 65112153
57FMABBO 922385831395 +155 69132
57FMABBO 922385820396 +168 66120157
57FMABBO 922385800399 +165 52 88118133156
57FMABBO 922385821400 +152 68115142
57FMABBO 922385820401 +166 60112155
57FMABBO 922385831403 +139 66127
57FMABBO 922385801404 +187 57 91115155182
57FMABBO 922385820405 +170 65115153
57FMABBO 922385820406 +160 67120155
57FMABBO 922385801407 +173 58 94127152170
57FMABBO 922385820408 +170 65115157
57FMABBO 922385800409 +194 78101126157186
57FMABBO 922385810410 +195 68104142171
57FMABBO 922385810411 +193 70103138179
57FMABBO 922385800412 +234 60106154187216
57FMABBO 923685830413 +136 63126
57FMABBO 923685821414 +142 65103131
57FMABBO 923685821415 +160 70120149
57FMABBO 923685790416 +220 66101123155190211
57FMABBO 923685821417 +189 64114163
57FMABBO 923685821418 +155 66110147
57FMABBO 923685801419 +194 56 88134167191
57FMABBO 923685810420 +200 54105152186
57FMABBO 923685810421 +192 61 92128177
57FMABBO 923685811422 +180 73116151172
57FMABBO 923685810423 +191 72120161186
57FMABBO 923685820424 +168 56104160
57FMABBO 923685790426 +234 58 87120166207229
57FMABBO 923685800427 +203 49 81113152190
57FMABBO 923685820428 +171 55112157
57FMABBO 923685820429 +195 76132179
57FMABBO 923685810431 +217 79113158206
57FMABBO 923685820432 +194 67122175
57FMABBO 923685810433 +197 68110150185
57FMABBO 922385831435 +128 53117
57FMABBO 922385831436 +134 63117
57FMABBO 922385820437  136 68112136
57FMABBO 922385831438 +129 63114
57FMABBO 922385830439 +134 66120
57FMABBO 922385821440 +145 57104140
57FMABBO 922385831441 +130 64115
57FMABBO 922385831442 +124 64105
57FMABBO 922385830443 +132 75120
57FMABBO 922385830444 +126 67117
57FMABBO 922385831445 +144 73126
57FMABBO 922385830446 +140 74125
57FMABBO 922385820447 +147 73111135
57FMABBO 922385820448 +168 76122155
57FMABBO 922385820449 +166 74114157
57FMABBO 922385820450 +168 69115157
57FMABBO 922385811451 +193 71115156183
57FMABBO 922385800452 +231 74112145190223
57FMABBO 922485820453 +183 68116162
57FMABBO 922485810454 +189 72117157179
57FMABBO 923585830455 +141 68125
57FMABBO 923585830457 +149 68129
57FMABBO 923585830458 +140 74120
57FMABBO 923585820459 +136 52 78127
57FMABBO 923585830460 +139 75103
57FMABBO 923585830461 +137 77122
57FMABBO 923585830462 +138 71117
57FMABBO 923585830463 +144 75124
57FMABBO 923585820464 +179 63124156
57FMABBO 923585800465 +192 63 97129157184
57FMABBO 923585820466 +152 58108143
57FMABBO 923585820467 +161 67110152
57FMABBO 923585830468 +147 67133
57FMABBO 923585820469 +148 62104134
57FMABBO 923585820470 +180 62121164
57FMABBO 923585830471 +138 67122
57FMABBO 923585820472 +168 74128157
57FMABBO 923585800473 +215 61117146183207
57FMABBO 923585800474 +183 53 81108145169
57FMABBO 923585820475 +194 58110164
57FMABBO 923585800476 +202 60105145177200
57FMABBO 923585790477 +210 69105137170192205
57FMABBO 923585810478 +201 78117153193
57FMABBO 923585810479 +191 76111139178
57FMABBO 923585820480 +182 76118158
57FMABBO 923585810481 +200 63107154191
57FMABBO 923585800482 +251 70114149165242
57FMABBO 923685800483 +253 63108153199243
57FMABBO 923685830484 +132 68120
57FMABBO 923685820485 +155 50 85139
57FMABBO 923685790486 +244 66115159190222241
57FMABBO 923685830487 +123 59103
57FMABBO 923685780488 +247 53 83132151188214242
57FMABBO 923685830489 +137 59115
57FMABBO 923685830490 +137 59115
57FMABBO 923685830491 +130 61111
57FMABBO 923685820493 +164 66114148
57FMABBO 923685810494 +166 55 91126154
57FMABBO 923685790495 +239 50 98133175202229
57FMABBO 923685820496 +180 67109158
57FMABBO 923685790497 +219 71112141155182210
57FMABBO 923685820498 +168 74129154
57FMABBO 923685820499 +162 68116147
57FMABBO 923685820500 +140 69105126
57FMABBO 923685830501 +127 71116
57FMABBO 923685830502 +127 69112
57FMABBO 923685820504 +181 66121165
57FMABBO 923685790505 +248 60 98124171203230
57FMABBO 923685810506 +184 69104144173
57FMABBO 923685820507 +137 60 83113
57FMABBO 923685820508 +159 65112144
57FMABBO 923685790509 +252 68112162195232249
57FMABBO 923685810510 +191 59113158182
57FMABBO 923685830511 +152 69132
57FMABBO 923685800512  185 54 84131159185
57FMABBO 923685810514 +167 54 81106151
57FMABBO 923685800515 +202 52 83133165194
57FMABBO 923685790516 +244 58 91132172207238
57FMABBO 923685790517 +235 58 96137197200232
57FMABBO 923685820518 +193 74126172
57FMABBO 923685800519 +217 57 89152192212
57FMABBO 923685800520 +204 70107138169194
57FMABBO 923685830521 +127 67112
57FMABBO 923685820522 +167 65109159
57FMABBO 923685810523 +218 68111163208
57FMABBO 923685820524 +180 76116162
57FMABBO 923685810526 +197 68100147192
57FMABBO 923685780527 +272 74115161186211233254
57FMABBO 923685800528 +235 50 85141185225
57FMABBO 923685830529 +125 63105
57FMABBO 923685820530 +175 74115160
57FMABBO 923685830531 +118 53101
57FMABBO 923685810532 +183 59 95121165
57FMABBO 923685820533 +126 57 90112
57FMABBO 923685830534 +139 73112
57FMABBO 923685830535 +138 61114
57FMABBO 923685800536 +220 57 97147189214
57FMABBO 923685820537 +168 67119154
57FMABBO 923685820539 +151 53 92134
57FMABBO 923685820541 +178 71129162
57FMABBO 923685830542 +131 72116
57FMABBO 923685820543 +167 70116155
57FMABBO 923685820544 +177 71118164
57FMABBO 923685810545 +168 57105152165
57FMABBO 923685810546 +212 69107156199
57FMABBO 923685800547 +206 63 93140166195
57FMABBO 923685810548 +206 73115160195
57FMABBO 923685800549 +205 52 80112155192
57FMABBO 923685800550 +206 59 95147169192
57FMABBO 923685810551 +232 78120159195
57FMABBO 923685810552 +175 61100141154
57FMABBO 923685820553 +176 63117165
57FMABBO 923685800555 +203 58 89128167198
57FMABBO 923685810556 +239 71125174223
57FMABBO 923685820557 +177 60112162
57FMABBO 923685790558 +236 59 90133165203231
57FMABBO 923685810559 +175 60109145169
57FMABBO 923685800560 +210 53 95138173201
57FMABBO 923685820561 +191 78126168
57FMABBO 923685820562 +173 69112162
57FMABBO 923685790563 +207 60103136167187204
57FMABBO 923685800564 +196 70 99128175193
57FMABBO 922385800566 +224 65108158202221
57FMABBO 922385830567 +139 67119
57FMABBO 922385830568 +130 69115
57FMABBO 922385830569 +131 59110
57FMABBO 922385830570 +160 71114
57FMABBO 922385820571 +137 57 82120
57FMABBO 922385830572 +131 65117
57FMABBO 922385830573 +130 58118
57FMABBO 922385830574 +128 69110
57FMABBO 922385830575 +137 70122
57FMABBO 922385830576 +138 66121
57FMABBO 922385830577 +135 73121
57FMABBO 922385830578 +127 60114
57FMABBO 922385830579 +138 63125
57FMABBO 922385830580 +125 63111
57FMABBO 922385820581 +180 78126159
57FMABBO 922385830582 +152 65122
57FMABBO 922385830583 +135 73118
57FMABBO 922385821584 +165 68106148
57FMABBO 922385800585 +177 61 85118153172
57FMABBO 922385830586 +138 73124
57FMABBO 922385810587 +189 56 85122166
57FMABBO 922385810588 +194 69110155184
57FMABBO 922385790589 +236 57106137175210228
57FMABBO 922385810590 +165 65 99137159
57FMABBO 922385820591 +185 77128162
57FMABBO 922385820592 +167 66114150
57FMABBO 922385810593 +174 60101138162
57FMABBO 922385810594 +190 67116146175
57FMABBO 922385810595 +197 67115163186
57FMABBO 922385820596 +167 75106151
57FMABBO 922385820597 +176 60114161
57FMABBO 922385830598 +133 65116
57FMABBO 922385830599 +127 56110
57FMABBO 922385820600 +166 60106150
57FMABBO 922385800601 +228 59 98146192220
57FMABBO 922385820602 +180 63127163
57FMABBO 922385820603 +165 76120149
57FMABBO 922385800604 +224 58 85117165211
57FMABBO 922385820605 +194 70119172
57FMABBO 922385810606 +227 59105155203
57FMABBO 922385800607 +230 59 91135181208
57FMABBO 922385780608 +280 66 97129163198236270
57FMABBO 922385810609 +199 74120163193
57FMABBO 922385790610 +243 51 91129177205235
57FMABBO 922385810611 +192 62 98152181
57FMABBO 922385790612 +218 60100128163189215
57FMABBO 922385810613 +197 69115154192
57FMABBO 923585820615 +157 73112143
57FMABBO 923585830616 +129 63109
57FMABBO 923585830617 +145 66120
57FMABBO 923585820618 +167 64107146
57FMABBO 923585830619 +145 74134
57FMABBO 923585790620 +223 59102136172200221
57FMABBO 923585810621 +163 53 93130155
57FMABBO 923585820622 +175 68126162
57FMABBO 923585830623 +134 68124
57FMABBO 923585800624 +227 71124155189211
