57FMABBO091  70640040  262 75111155207250262
57FMABBO091  70630041 +263 53 91122154179218258
57FMABBO091  70620042 +238 70 98128150176199222236
57FMABBO091  70630043  247 65101134161210237247
57FMABBO091  70660045 +176 68104146170
57FMABBO091  70620046 +243 61 99130155174194219238
57FMABBO091  70650047 +226 67 99142166216
57FMABBO091  70650048 +194 65105139156188
57FMABBO091  70650049 +213 63102124155210
57FMABBO091  70641050  229 65118176195217229
57FMABBO091  70660051 +168 57 81126159
57FMABBO091  70660052 +178 53 80132170
57FMABBO091  70650053 +241 65127170211231
57FMABBO091  70640054 +187 57 90121144160181
57FMABBO091  70650055  184 49 82117168184
57FMABBO091  70650056 +177 57 97118148172
57FMABBO091  70670057 +127 57 88119
57FMABBO091  70641071  244 66111158205231244
57FMABBO091  70640072 +230 56 96149180200224
57FMABBO091  70640073  228 60111141178217228
57FMABBO091  70630075  232 48 82110162190216232
57FMABBO091  70640076  227 61106138171211227
57FMABBO091  70650077  242 78118165219242
57FMABBO091  70640078  231 59 91131175221231
57FMABBO091  70631079 +243 58 85121168205228241
57FMABBO091  70630080  216 58 88108140170199216
57FMABBO091  70640081 +224 55 91142171191213
57FMABBO091  70660082  157 50 79133157
57FMABBO091  70650083  160 56 85128150160
57FMABBO091  70650085  162 49 89130154162
57FMABBO091  70640090  230 65104154202224230
57FMABBO091  70621091  265 61 97130168190225254265
57FMABBO091  70611092  256 57 94125170204226234248256
57FMABBO091  70641093 +213 55110136170197208
57FMABBO091  70621094 +219 59103123143157181207217
57FMABBO091  70620095  244 51109127170187203227244
57FMABBO091  70611096  249 61 94124154169197219243249
57FMABBO091  70611097  246 65102141159178204230239246
57FMABBO091  70630099 +222 62102133150182203219
57FMABBO091  70641100 +222 64101138177208220
57FMABBO091  70610101  235 62 86136151169181196220235
57FMABBO091  70630102 +253 62106131166193221250
57FMABBO091  70630103  250 57 96138172201238250
57FMABBO091  70640105 +226 53 95138170209224
57FMABBO091  70630106  236 56 91130150179222236
57FMABBO091  70640107  230 59100131178215230
57FMABBO091  70630108  226 57 87127150188218226
57FMABBO091  70630109 +222 62116137157185212219
57FMABBO091  70630111 +236 53 86120171188219233
57FMABBO091  70640112  237 55104142191222237
57FMABBO091  70631113 +238 67106166180195215234
57FMABBO091  70640114 +207 52106127156189204
57FMABBO091  70640115  222 56100128166211222
57FMABBO091  70640116  212 56114142166196212
57FMABBO091  70660118  154 51 90143154
57FMABBO091  70650119 +192 51 88110148186
57FMABBO091  70640120  174 54 93113134159174
57FMABBO092  70650184 +189 57 90135178187
57FMABBO092  70640185  204 67108130152188204
57FMABBO092  70651186 +176 51 89120156173
57FMABBO092  70650187  199 57109156185199
57FMABBO092  70680190 +121 69107
57FMABBO092  70660193  157 51112147157
57FMABBO092  70650194 +169 54 89118159167
57FMABBO092  70660195  152 56112145152
57FMABBO092  70660196 +150 59 80123145
57FMABBO092  70660197 +172 56110153169
57FMABBO092  70660199 +180 54 88144174
57FMABBO092  70650200 +227 60104144189221
57FMABBO092  70660201 +169 61103140165
57FMABBO092  70611203 +253 57 93121149171188204225246
57FMABBO092  70650234 +210 53 80118177204
57FMABBO092  70660235 +173 56 94143167
