57FMABBO 220183770  11 198 74113145170188198
57FMABBO 220183740  21 242 56 89127157171188209224242
57FMABBO 220183740  31 242 70112149168187204225234242
57FMABBO 220183730  41 320 74138180224243264277300312320
57FMABBO 220183750  51 226 71106130151174201210226
57FMABBO 220183740  61 342 61122159201239263290306342
57FMABBO 220183730  71 278 60 97125159175190211238256278
57FMABBO 220183740  81 256 54 97143169186203228240256
57FMABBO 220183740  91 261 65118146175195222238249261
57FMABBO 220183750 111 253 73109135157181212231253
57FMABBO 220183760 121 257 57121161193216241257
57FMABBO 220183760 131 249 54 99150179215232249
57FMABBO 220183740 141 281 79121159191220244258270281
57FMABBO 220183740 151 270 80143176197207225245260270
57FMABBO 220183750 161 242 56 93131162184204232242
57FMABBO 220183750 171 248 70111151183200217237248
57FMABBO 220183740 191 282 71126164193208230252264282
57FMABBO 220183750 201 256 72113138160188216237256
57FMABBO 220183760 221 234 69109135162203217234
57FMABBO 220183740 231 244 75115146162179190204232244
57FMABBO 220183710 241 350 60 91130182226260289306321333343350
57FMABBO 220183740 251 262 66120159179188201225244262
57FMABBO 220183780 261 211 57 92145181211
57FMABBO 220183780 271 235 62103167210235
57FMABBO 220183770 291 213 57 90128166194213
57FMABBO 220183780 301 205 77108145175205
57FMABBO 220183770 311 223 58111152185203223
57FMABBO 220183790 321 157 57 94142157
57FMABBO 220183760 331 225 71107127161190210225
57FMABBO 220183790 341 191 68136173191
57FMABBO 220183780 351 231 81118178208231
57FMABBO 220183750 361 266 72120152177214233247266
57FMABBO 220183770 371 195 57 96127147178195
57FMABBO 220183780 381 184 56 92134157184
57FMABBO 220183770 391 224 50 89112161192224
57FMABBO 220183750 401 266 71119161182206233247266
57FMABBO 220183760 411 207 70113160171191200207
57FMABBO 220183780 421 245 69125162200245
57FMABBO 220183770 431 232 65102142187212232
57FMABBO 220183730 441 291 80114145183207227241267278291
57FMABBO 220183760 451 247 72111150181219239247
57FMABBO 220183740 461 269 58117155183199214238253269
57FMABBO 220183750 471 250 60101139178201211234250
57FMABBO 220183750 481 246 71 98134153172192218246
57FMABBO 220183750 491 269 74118152174201227251269
57FMABBO 220183740 501 276 66107158192218236252269276
57FMABBO 220183750 511 266 60105136175213236248266
57FMABBO 220183770 521 231 54103149190209231
57FMABBO 220183730 531 274 61108147182204217227240265274
57FMABBO 220183770 541 233 55103153196218233
57FMABBO 220183770 551 256 55 88145197226256
57FMABBO 220183760 561 233 80106126159187208233
57FMABBO 220183740 571 257 78103146166186201220238257
57FMABBO 220183750 581 268 69110154179210235251268
57FMABBO 220183790 591 207 67129163207
57FMABBO 220183740 611 249 59117151170181200220239249
57FMABBO 220183770 621 259 53 92150202228259
57FMABBO 220183780 631 221 77125166190221
57FMABBO 220183750 641 240 61100141168194212226240
57FMABBO 220183750 651 242 59101129164189220233242
57FMABBO 220183750 661 244 67 98120137166199221244
57FMABBO 220183780 671 194 56 86121155194
57FMABBO 220183760 681 236 60115151182202220236
57FMABBO 220183790 691 174 56 96147174
57FMABBO 220183730 701 253 71 97126161185200216229236253
57FMABBO 220183770 711 219 58 92134175196219
57FMABBO 220183760 721 241 61102143173190222241
57FMABBO 220183740 731 263 74115155182201218242253263
57FMABBO 220183760 741 214 52 99144164186204214
57FMABBO 220183760 751 258 68112151187216238258
57FMABBO 220183760 761 219 64107135170192204219
57FMABBO 220183770 771 217 73119154177194217
57FMABBO 220183780 781+211 64101150184208
57FMABBO 220183790 791+200 63112161195
57FMABBO 220183750 801 242 69109143169191208230242
57FMABBO 220183740 811 241 50 81115138155184211225241
57FMABBO 220183740 821 258 78127161184204219236249258
57FMABBO 220183780 831 221 73110160187221
57FMABBO 220183750 841 267 57113157186209235251267
57FMABBO 220183750 851 236 63114136156179206220236
57FMABBO 220183780 861 246 77124179214246
57FMABBO 220183760 871 247 65117152178208234247
57FMABBO 220183750 881 265 67119156180200222250265
57FMABBO 220183750 891 284 66108150181211244261284
57FMABBO 220183760 901 227 64 93125153182204227
57FMABBO 220183740 911 265 72103132172191212234247265
57FMABBO 220183740 921 235 75108137156176190208222235
57FMABBO 220183760 931 230 66111144162184214230
57FMABBO 220183780 941 216 76110166190216
57FMABBO 220183790 961+200 67108143198
57FMABBO 220183740 971 275 61113152172196223245258275
57FMABBO 220183780 981+186 51 82128153180
57FMABBO 220183760 991 190 61 95117134151170190
57FMABBO 2201837701001 249 69131188219239249
57FMABBO 2201837701011 210 63109144159182210
57FMABBO 2201837501021 239 59101144163187215230239
57FMABBO 2201837701031 228 65124159187214228
57FMABBO 2201837701041 246 65104169208229246
57FMABBO 2201837701051 215 76117143172195215
57FMABBO 2201837401061 223 52 84122149168181197213223
57FMABBO 2201837501071 240 59104140162177200219240
57FMABBO 2201837501081 207 58 85121151174193203207
57FMABBO 2201837901091+166 81118139161
57FMABBO 2201837801101 204 69131162187204
57FMABBO 2201837901121+166 58111138163
57FMABBO 2201837901131+181 67114144176
57FMABBO 2201837901141 165 69126153165
57FMABBO 2201837501161 244 54102133150175206222244
57FMABBO 2201837901171+174 57 98133168
57FMABBO 2201837901181+166 50 85124160
57FMABBO 2201837601191 226 72110152176201217226
57FMABBO 2201837801201+189 59 86120158186
57FMABBO 2201837701211+225 75108145180204222
57FMABBO 2201837901221+205 64126160189
57FMABBO 2201837801231 174 60100135157174
57FMABBO 2201837501241 240 66112145166186207221240
57FMABBO 2201837801251+192 78107135160186
57FMABBO 2201837801271+201 75111153173198
57FMABBO 2201837901281+186 80113147182
57FMABBO 2201837901291 160 51 95138160
57FMABBO 2201837801301+176 53 82129152175
57FMABBO 2201837801311+199 60100139169189
57FMABBO 2201837501321 222 51 87134169186196205222
57FMABBO 2201837901331 175 78115160175
57FMABBO 2201838001341+162 51112152
57FMABBO 2201837801351 196 67104136185196
57FMABBO 2201837801361+191 62104143163186
57FMABBO 2201837801371 193 60 98139161193
57FMABBO 2201837801381 183 60 94139158183
57FMABBO 2201837601391+223 53103134153183200219
57FMABBO 2201837801401 168 65106139154168
57FMABBO 2201838001411+160 80110153
57FMABBO 2201837801421+196 59107144166187
57FMABBO 2201837801431+244 66135173206237
57FMABBO 2201837801441+231 62103158196229
57FMABBO 2201837401451 236 81118167190205212220229236
57FMABBO 2201837901461+179 62112148174
57FMABBO 2201838001481+150 62 91140
57FMABBO 2201837901491+163 50 95131157
57FMABBO 2201837801501+192 63100134154184
57FMABBO 2201837301511 212 79107122135149164174191202212
57FMABBO 2201838001521+146 68101141
57FMABBO 2201837901531+198 78131164192
57FMABBO 2201837801541+201 79118152174196
57FMABBO 2201837801551+179 66101140160172
57FMABBO 2201837901561+159 68105128151
57FMABBO 2201837901571+181 83124153176
57FMABBO 2201837801581+191 65 95130170187
57FMABBO 2201837901591+180 55108147171
57FMABBO 2201837901601+183 67116146179
57FMABBO 2201837901611+176 56 94127166
57FMABBO 2201838001621+148 64102137
57FMABBO 2201837701631+201 70109141170185198
57FMABBO 2201837901641+171 68103138165
57FMABBO 2201837901651+166 75107134161
57FMABBO 2201837901661+197 69110149187
57FMABBO 2201837901671+181 65112149173
57FMABBO 2201837901681+176 72128151169
57FMABBO 2201837901691+172 60 98129162
57FMABBO 2201837901701+170 60102129159
57FMABBO 2201837801711+218 56 99133180211
57FMABBO 2201837901721+168 51 97131160
57FMABBO 2201837901731+169 56100128159
57FMABBO 2201837801741+191 83120150167184
57FMABBO 2201837901751+183 74112135168
57FMABBO 2201837901761+174 57113139166
57FMABBO 2201837901771+177 60103135167
57FMABBO 2201837801791+184 62 95119150175
57FMABBO 2201837901801 171 64117152171
57FMABBO 2201838001811+168 72105152
57FMABBO 2201837901821+169 58 94126159
57FMABBO 2201837701831+226 49 90147178197219
