57FMABBO02  178740001  177 67103144177
57FMABBO02  178720002  234 64 99141192222234
57FMABBO02  178730003  184 64111136161184
57FMABBO02  178720004  231 60108155198209231
57FMABBO02  178730005  165 54 87119143165
57FMABBO02  178740006  190 67120158190
57FMABBO02  178700007  240 70104133166195210224240
57FMABBO02  178720009  240 69113156201224240
57FMABBO02  178720010  241 68119167204226241
57FMABBO02  178720011  220 64104145192211220
57FMABBO02  178720012  191 63 99133158178191
57FMABBO02  178720013  227 64104150198217227
57FMABBO02  178720014  215 64108151186202215
57FMABBO02  178720015  228 62 84135176205228
57FMABBO02  178740016  196 58122166196
57FMABBO02  178740017  167 68122151167
57FMABBO02  178720018  234 72120160185217234
57FMABBO02  178730019  182 58 98129168182
57FMABBO02  178720020  220 68101140176207220
57FMABBO02  178720021  219 71119153185203219
57FMABBO02  178710022  190 56 86122142157177190
57FMABBO02  178720024  217 57 98145179208217
57FMABBO02  178720025  218 63120154189209218
57FMABBO02  178720026  191 64106144171186191
57FMABBO02  178720027  226 70121163196216226
57FMABBO02  178720028  211 65115146183201211
57FMABBO02  178720029  200 65101145171190200
57FMABBO02  178720030  201 56 95139174186201
57FMABBO02  178720031  200 69105143172190200
57FMABBO02  178720032  236 70122165204224236
57FMABBO02  178730033  210 69115156186210
57FMABBO02  178720034  231 63 99148191216231
57FMABBO02  178720035  223 63104143188207223
57FMABBO02  178720036  220 67120155183204220
57FMABBO02  178720037  210 55 89137179199210
57FMABBO02  178720038  209 65106145182202209
57FMABBO02  178720039  237 71109154198218237
57FMABBO02  178710040  242 60112148182216232242
57FMABBO02  178720041  255 63123173211236255
57FMABBO02  178720042  245 61 95156206230245
57FMABBO02  178720043  220 69114151187209220
57FMABBO02  178740045  203 66127177203
57FMABBO02  178720046  225 66117169201221225
57FMABBO02  178720047  196 60 95132167186196
57FMABBO02  178710048  233 68 97133159195210233
57FMABBO02  178720049  227 71120159195218227
57FMABBO02  178720052  220 61100134172202220
57FMABBO02  178740053  175 58 93140175
57FMABBO02  178720054  248 70119174218235248
57FMABBO02  178720055  219 66112149183207219
57FMABBO02  178710056  257 63101137178227243257
57FMABBO02  178720057  201 62102144174191201
57FMABBO02  178720059  233 66103149192217233
57FMABBO02  178720060  202 61 93130167193202
57FMABBO02  178700061  247 64100162194215226240247
57FMABBO02  178710062  208 64103142166188204208
57FMABBO02  178710063  205 63108137161183199205
57FMABBO02  178730064  197 68114150182197
57FMABBO02  178720065  177 64 95124148166177
57FMABBO02  178720066  213 61114156184203213
57FMABBO02  178720067  202 67112143171190202
57FMABBO02  178720069  231 63100146196221231
57FMABBO02  178730070  179 65109136165179
57FMABBO02  178720071  213 61121155190203213
57FMABBO02  178720072  227 61 92136186214227
57FMABBO02  178720073  205 63100143181195205
57FMABBO02  178720074  221 61102140180208221
57FMABBO02  178720075  223 65108157192214223
57FMABBO02  178720076  217 66114142184204217
57FMABBO02  178710078  212 62105139166185194212
57FMABBO02  178730079  198 68111154178198
57FMABBO02  178730080  195 59108153172195
57FMABBO02  178720081  234 67113154194218234
57FMABBO02  178720082  254 73100146190226254
57FMABBO02  178720083  191 60 93124153177191
57FMABBO02  178720084  208 67112155178197208
57FMABBO02  178690085  253 73118144175203228237250253
57FMABBO02  178720086  210 61113144182203210
57FMABBO02  178700087  231 66105132157181202216231
57FMABBO02  178730088  185 70121150174185
57FMABBO02  178730089  196 60112147180196
57FMABBO02  178720090  202 64103134159182202
57FMABBO02  178720091  220 69128161193211220
57FMABBO02  178710092  229 56101127163200217229
57FMABBO02  178720093  211 68103138176201211
57FMABBO02  178720094  209 61 97143178197209
57FMABBO02  178740096  190 63108144190
57FMABBO02  178720097  244 67111161206232244
57FMABBO02  178720098  212 65105135188206212
57FMABBO02  178730099  196 75128165186196
57FMABBO02  178720100  245 73122172202228245
57FMABBO02  178720101  223 68124165193215223
57FMABBO02  178720102  218 70118157189211218
57FMABBO02  178730103  213 68124163195213
57FMABBO02  178720104  218 60 90134178196218
57FMABBO02  178720105  217 67101134197207217
57FMABBO02  178730106  221 70124167200221
57FMABBO02  178720107  204 65 98137177194204
57FMABBO02  178730108  203 69123156183203
57FMABBO02  178730109  185 65116144168185
57FMABBO02  178720110  217 68102151188204217
57FMABBO02  178720111  209 73115157186199209
57FMABBO02  178740112  202 66112174202
57FMABBO02  178730114  179 64 97123160179
57FMABBO02  178700115  254 69114152191209228243254
57FMABBO02  178740117  234 69111184234
57FMABBO02  178720116  221 71111159195211221
57FMABBO02  178740118  193 69119159193
57FMABBO02  178720119  163 59 84106131149163
57FMABBO02  178720120  245 69122172210237245
57FMABBO02  178720121  195 71110145170191195
57FMABBO02  178730122  176 65105130160176
57FMABBO02  178720123  215 66109147184200215
57FMABBO02  178720124  208 68110151182200208
57FMABBO02  178720125  167 59 93122139156167
57FMABBO02  178720126  255 71116173218239255
57FMABBO02  178710127  244 67129155194216228244
57FMABBO02  178740128  172 68122148172
57FMABBO02  178720129  220 70100144194204220
57FMABBO02  178740130  173 59117155173
57FMABBO02  178720131  232 72109143185215232
57FMABBO02  178740133  157 69110148157
57FMABBO02  178740134  160 59 93133160
57FMABBO02  178730135  191 64102134168191
57FMABBO02  178730136  197 66108152177197
57FMABBO02  178730137  176 60 94135162176
57FMABBO02  178710138  254 67126164198223239254
57FMABBO02  178720139  235 69113152194219235
57FMABBO02  178710140  247 74111156192219241247
57FMABBO02  178720141  203 76116147178193203
57FMABBO02  178720142  262 72114164211245262
57FMABBO02  178720143  252 72104149192225252
57FMABBO02  178710144  198 65 97131155180190198
57FMABBO02  178730145  192 70111145177192
57FMABBO02  178740146  161 67104145161
57FMABBO02  178720147  225 62 95149190208225
57FMABBO02  178740148  172 64117158172
57FMABBO02  178720149  217 69116154193206217
57FMABBO02  178720150  232 69113143186216232
57FMABBO02  178730151  190 64123162181190
57FMABBO02  178730152  215 74125166192215
57FMABBO02  178730153  223 69115167202223
57FMABBO02  178740155  175 67110150175
57FMABBO02  178730156  227 71101141180227
57FMABBO02  178740157  195 66116161195
57FMABBO02  178720158  222 67122149184205222
57FMABBO02  178720159  226 70129171203219226
57FMABBO02  178720160  217 70129174194209217
57FMABBO02  178720162  230 71114149196220230
57FMABBO02  178720164  229 71116157189211229
57FMABBO02  178700165 +251 71108135158187206230248
57FMABBO02  178730166  192 59 94132165192
57FMABBO02  178720167  229 61 99153194217229
57FMABBO02  178740168  183 68115159183
57FMABBO02  178740169  158 59 98134158
57FMABBO02  178710170  262 73129158187225248262
57FMABBO02  178720171  258 70107158189235258
57FMABBO02  178710172  237 58 83117154189221237
57FMABBO02  178720173  235 67118159196213235
57FMABBO02  178720174  238 64107157203230238
57FMABBO02  178720176  223 63108148193214223
57FMABBO02  178720177  246 66107161205234246
57FMABBO02  178720178  232 70116169198220232
57FMABBO02  178730179  192 63111156177192
57FMABBO02  178720180  212 61 96134171197212
57FMABBO02  178730181  195 69115153178195
57FMABBO02  178700182  243 64 98130171195210227243
57FMABBO02  178720183  205 69107148182201205
57FMABBO02  178740184  176 68116155176
57FMABBO02  178720185  220 70114144189206220
57FMABBO02  178720186  217 72115149190208217
57FMABBO02  178720187  216 70113153188205216
57FMABBO02  178710188  227 66110142179197215227
57FMABBO02  178720189  221 68123165190212221
57FMABBO02  178720190  211 68125161191202211
57FMABBO02  178720191  212 61 99138171200212
57FMABBO02  178710192  228 60106153186204219228
57FMABBO02  178720193  233 67107153197220233
57FMABBO02  178730194  197 67107156186197
57FMABBO02  178720195  234 67109149198218234
57FMABBO02  178720196  240 65107144186212240
57FMABBO02  178720197  221 75110142182211221
57FMABBO02  178720198  234 71113155197222234
57FMABBO02  178720199  225 66107142187208225
57FMABBO02  178700200  250 73117158194215228242250
57FMABBO02  178730201  209 69130170193209
57FMABBO02  178720204  235 68124166208228235
57FMABBO02  278720001  242 70123162205228242
57FMABBO02  278720002  231 79112157193215231
57FMABBO02  278730003  220 70123160198220
57FMABBO02  278710004  230 61 84121155198219230
57FMABBO02  278710005  216 56 82111143173195216
57FMABBO02  278730006  199 55107155189199
57FMABBO02  278680007  270 74 92116140166198217235260270
57FMABBO02  278710009  240 71110146177202226240
57FMABBO02  278730010  212 62120158190212
57FMABBO02  278720011  207 61 95139174198207
57FMABBO02  278710012  231 65 97131176205226231
57FMABBO02  278680013  265 68 94120143163190214232247265
57FMABBO02  278740014  180 64113157180
57FMABBO02  278720015  224 66125177205217224
57FMABBO02  278720016  224 68122163200215224
57FMABBO02  278720017  233 66117164199223233
57FMABBO02  278720018  220 55 91147180204220
57FMABBO02  278730019 +209 64111153181207
57FMABBO02  278710020 +222 64110158182205212219
57FMABBO02  278710021  233 57 92139177208227233
57FMABBO02  278720022  242 67114162208214242
57FMABBO02  278710023  234 57 91130174199221234
57FMABBO02  278700024  269 70117162202231247259269
57FMABBO02  278720025  243 71117170209237243
57FMABBO02  278740026  152 48 99137152
57FMABBO02  278720027  212 69122165188202212
57FMABBO02  278730028  220 64108158198220
57FMABBO02  278720029  238 72122167192217238
57FMABBO02  278740030  167 63107145167
57FMABBO02  278720031  203 67101122172192203
57FMABBO02  278720032  208 61 91138181202208
57FMABBO02  278710033  205 65112124155187202205
57FMABBO02  278720035  207 66126157178195207
57FMABBO02  278720036  234 67111151193222234
57FMABBO02  278700037  241 71 92120144173211233241
57FMABBO02  278720038  218 70107151187207218
57FMABBO02  278740039  166 66116146166
57FMABBO02  278690040  240 69119148167196214227232240
57FMABBO02  278720041  253 68115160202232253
57FMABBO02  278720042  213 71105148188204213
57FMABBO02  278720044  188 64100135159177188
57FMABBO02  278720045  216 70119160193209216
57FMABBO02  278720046  205 68126160183197205
57FMABBO02  278720047  211 69109148182201211
57FMABBO02  278700048  248 60103138166198225237248
57FMABBO02  278720049  213 54 78126157172213
57FMABBO02  278720050  202 65 88116155186202
57FMABBO02  278710051  256 72120162198219233256
57FMABBO02  278720052  211 76112150178197211
57FMABBO02  278700053  255 69100136175208232242255
57FMABBO02  278720054  261 63115162213243261
57FMABBO02  278720055  198 54 90127162189198
57FMABBO02  278710056  216 55 87138169196207216
57FMABBO02  278720057  221 55116156183204221
57FMABBO02  278720058  221 61117157191209221
57FMABBO02  278730059  199 63112148179199
57FMABBO02  278730060  210 63125159186210
57FMABBO02  278710061  215 65104136163189209215
57FMABBO02  278700062  233 76103134170201210223233
57FMABBO02  278730063  203 64115158191203
57FMABBO02  278730064  231 66110162207231
57FMABBO02  278710065  232 60 93135175196217232
57FMABBO02  278740066  170 65109147170
57FMABBO02  278710067  233 69110155179202223233
57FMABBO02  278730068  191 65 99130169191
57FMABBO02  278720069  189 69108137159178189
57FMABBO02  278710070  231 55 89142173208222231
57FMABBO02  278720071  226 70122157194213226
57FMABBO02  278720072  241 68117157200225241
57FMABBO02  278730073  184 68119161176184
57FMABBO02  278700074  255 57 84132166194219239255
57FMABBO02  278720075  212 58112145179202212
57FMABBO02  278730076  183 60 96134163183
57FMABBO02  278710077  233 65112146175199220233
57FMABBO02  278720078  228 65120157198218228
57FMABBO02  278730079  222 64117158199222
57FMABBO02  278720080  224 62112152188211224
57FMABBO02  278720081  210 57 97153181201210
57FMABBO02  278730082  192 60104150178192
57FMABBO02  278710083  217 62105136163191209217
57FMABBO02  278730084  190 61101136166190
57FMABBO02  278720085  216 61 95140172195216
57FMABBO02  278720086  237 68116164205227237
57FMABBO02  278740087  174 57 99144174
57FMABBO02  278720088  212 57101153185204212
57FMABBO02  278710089  252 70124170218228241252
57FMABBO02  278710090  247 56106155187211230247
57FMABBO02  278750093  148 60116148
57FMABBO02  278720094  224 69105131168214224
57FMABBO02  278730096  199 67120152181199
57FMABBO02  278720095  224 67129159192215224
57FMABBO02  278720097  237 64117163193226237
57FMABBO02  278720098  242 68 98149196226242
57FMABBO02  278730099  218 63 96140187218
57FMABBO02  278720100  235 63112157198220235
57FMABBO02  278720101  231 70124165179216231
57FMABBO02  278720102  212 61 99142186202212
57FMABBO02  278720104  212 60101136182203212
57FMABBO02  278720103  192 60 98135161181192
57FMABBO02  278720105  210 61115154167201210
57FMABBO02  278720106  222 69108149184214222
57FMABBO02  278720107  211 68107145180198211
57FMABBO02  278710109  227 72116145171201220227
57FMABBO02  278720110  226 70116153191216226
57FMABBO02  278740111  196 65115163196
57FMABBO02  278700112  257 68107134160195229248257
57FMABBO02  278710113  210 65 99140159186199210
57FMABBO02  278730115  181 63121147166181
57FMABBO02  278720116  226 69118150191213226
57FMABBO02  278720117  217 61107147181203217
57FMABBO02  278720118  216 55 87134170188216
57FMABBO02  278730119  184 60117163172184
57FMABBO02  278720120  208 60110143178197208
57FMABBO02  278710121  221 66 96126163196216221
57FMABBO02  278710122  247 67107151188217236247
57FMABBO02  278740123  152 66112138152
57FMABBO02  278720124  227 64111158198218227
57FMABBO02  278720125  260 66125173210245260
57FMABBO02  278720126  208 65109150185201208
57FMABBO02  278720127  236 73128167198223236
57FMABBO02  278710128  227 63110145182211214227
57FMABBO02  278720129  257 71130174198242257
57FMABBO02  278720130  244 67113165209223244
57FMABBO02  278720131  213 68112153186205213
57FMABBO02  278720140  225 56 98147188211225
57FMABBO02  278720132  204 68112146178196204
57FMABBO02  278710133  223 64 87131168206216223
57FMABBO02  278720134  213 62103148184203213
57FMABBO02  278730135  199 67116163192199
57FMABBO02  278720136  215 72126153188209215
57FMABBO02  278720137  218 65116161197214218
57FMABBO02  278720138  222 71119160192208222
57FMABBO02  278740139  173 67122162173
57FMABBO02  278710240  228 62 86130160195218228
57FMABBO02  278720141  234 62105156193218234
57FMABBO02  278720142  196 66100143167188196
57FMABBO02  278720143  213 68100144179203213
57FMABBO02  278720144  231 70112163201218231
57FMABBO02  278720145  232 69119161204225232
57FMABBO02  278710146  231 56 85130174207222231
57FMABBO02  278740147  160 59 92130160
57FMABBO02  278710148  243 63 99137176194219243
57FMABBO02  278720149  236 62 94147196219236
57FMABBO02  278720150  203 69113145180196203
57FMABBO02  278720152  210 67111153184201210
57FMABBO02  278720153  212 69110135176203212
57FMABBO02  278720154  196 61 91123167189196
57FMABBO02  278730155  232 76124176210232
57FMABBO02  278720156  207 64 95136168193207
57FMABBO02  278720157  213 65102146189207213
57FMABBO02  278720158  227 68125167196204227
57FMABBO02  278720159  226 66110150181210226
57FMABBO02  278720160  195 60113159173186195
57FMABBO02  278720161  210 64101141175194210
57FMABBO02  278720162  237 71122164202227237
57FMABBO02  278710163  250 69112148191212234250
57FMABBO02  278720164  215 69103139176204215
57FMABBO02  278720165  228 65104138182211228
57FMABBO02  278720167  230 72111158200220230
57FMABBO02  278680168  249 68102129150183206224237243249
57FMABBO02  278700169  251 64 98130175204221240251
57FMABBO02  278720170  205 69109148182198205
57FMABBO02  278710171  252 65 99137182215238252
57FMABBO02  278740172  191 68128168191
57FMABBO02  278720173  227 70109154189217227
57FMABBO02  278720174  231 62101147192215231
57FMABBO02  278710175  218 65107142162180204218
57FMABBO02  278720176  201 66104125157184201
57FMABBO02  278720177  213 72122157190202213
57FMABBO02  278720178  194 65104139167185194
57FMABBO02  278730179  196 63106152177196
57FMABBO02  278720180  215 72119154185202215
57FMABBO02  278710181  253 65112162211230242253
57FMABBO02  278730182  215 62100154190215
57FMABBO02  278720183  212 61 98139181202212
57FMABBO02  278720184  231 62106146191218231
57FMABBO02  278720185  235 67129169202227235
57FMABBO02  278720186  223 66 98148185207223
57FMABBO02  278740187  175 69116151175
57FMABBO02  278720188  250 71132178214240250
57FMABBO02  278740189  181 73118161181
57FMABBO02  278720191  217 61 96127171199217
57FMABBO02  278710192  222 68113135158192211222
57FMABBO02  278730193  191 58 98141171191
57FMABBO02  278720194  195 72 91132172188195
57FMABBO02  278720195  215 62105142181205215
57FMABBO02  278720196  210 64109148178198210
57FMABBO02  278720197  213 61 94145184203213
57FMABBO02  278720198  235 66121161180217235
57FMABBO02  278720199  222 70106161197214222
57FMABBO02  278710200  220 65 97134171193211220
