57FMABBO02   72670001 +220 66115149182204                                       
57FMABBO02   72680002 +172 66 93111141                                          
57FMABBO02   72680003 +164 59 86102125                                          
57FMABBO02   72690004 +174 52 91137                                             
57FMABBO02   72670005 +235 58 98147184212                                       
57FMABBO02   72680006 +210 68111136174                                          
57FMABBO02   72681007 +215 68121151185                                          
57FMABBO02   72680008 +195 58104134171                                          
57FMABBO02   72681009 +184 62 97125160                                          
57FMABBO02   72670010 +179 56 89110142163                                       
57FMABBO02   72680011 +168 48 82103134                                          
57FMABBO02   72690012 +141 60 96131                                             
57FMABBO02   72691013 +142 60101130                                             
57FMABBO02   72681015 +217 63111141179                                          
57FMABBO02   72670017 +222 45 81110140182                                       
57FMABBO02   72670018 +222 70109139169200                                       
57FMABBO02   72670019 +230 72120148166189                                       
57FMABBO02   72680021 +212 60103139175                                          
57FMABBO02   72680022 +190 58 96118152                                          
57FMABBO02   72680023 +197 65110147188                                          
57FMABBO02   72670024 +205 73124149158171                                       
57FMABBO02   72680025 +204 59109133165                                          
57FMABBO02   72640056 +255 54112152174199215234247                              
57FMABBO02   72670057 +224 55114139171208                                       
57FMABBO02   72680058 +240 66113155199                                          
57FMABBO09   72670026 +226 73125172196210                                       
57FMABBO09   72680027 +233 72118160201                                          
57FMABBO09   72660028 +242 73105131163198226                                    
57FMABBO09   72630029 +274 63102148167184206227241257                           
57FMABBO09   72680030 +242 70128165209                                          
57FMABBO09   72640032 +270 71129155171186213231242                              
57FMABBO09   72630033 +260 71110142163191207214227243                           
57FMABBO09   72680034 +208 56105131175                                          
57FMABBO09   72680035 +165 51 88126158                                          
57FMABBO09   72680037 +224 69120148186                                          
57FMABBO09   72661038 +225 67100137184188206                                    
57FMABBO09   72670039 +232 69116152191218                                       
57FMABBO09   72641040 +242 70102128160176188219231                              
57FMABBO09   72671041 +221 61110136166204                                       
57FMABBO09   72670042 +215 59102129176207                                       
57FMABBO09   72671043 +224 72114136162195                                       
57FMABBO09   72680044 +216 70111146180                                          
57FMABBO09   72680045 +232 70120161198                                          
57FMABBO09   72670046 +250 75127164210234                                       
57FMABBO09   72660047 +256 52 93161198211230                                    
57FMABBO09   72631048 +240 79115141166173186191208222                           
57FMABBO09   72660050 +243 54111154193210220                                    
57FMABBO09   72631051 +227 72102148159170177184203214                           
57FMABBO09   72660052 +239 63115162186198211                                    
57FMABBO09   72650053 +255 57 88133163193213240                                 
57FMABBO09   72651054 +239 75111132179202212228                                 
57FMABBO09   72670120 +245 73129172189208                                       
57FMABBO09   72680121 +175 62 93114144                                          
57FMABBO09   72680122 +205 69105140175                                          
57FMABBO09   72660123 +240 67106160186196214                                    
57FMABBO09   72680125 +210 63111143179                                          
57FMABBO09   72670126 +230 62 87124155200                                       
57FMABBO09   72670127 +226 57 84118152192                                       
57FMABBO09   72670129 +235 66105138174210                                       
57FMABBO09   72681130 +224 67114152196                                          
57FMABBO09   72671132 +172 65105125141156                                       
57FMABBO09   72650133 +251 61118157194211222232                                 
57FMABBO09   72680134 +184 60104126156                                          
57FMABBO09   72691135 +171 65113140                                             
57FMABBO09   72691136 +165 53107133                                             
57FMABBO09   72690137 +171 63110145                                             
57FMABBO09   72681139 +185 54 94127153                                          
57FMABBO09   72690138 +149 78105127                                             
57FMABBO09   72681140 +180 64104126156                                          
57FMABBO09   72680141 +233 65120156197                                          
57FMABBO09   72670142 +186 59 86121136162                                       
57FMABBO09   72670143 +227 67 96134167200                                       
57FMABBO09   72681144 +224 62100133185                                          
57FMABBO09   72681145 +184 57 92115145                                          
57FMABBO09   72690146 +164 56118147                                             
57FMABBO09   72640147 +266 53 94151172197213243252                              
57FMABBO09   72680148 +194 52100126161                                          
57FMABBO09   72680149 +200 64 86136168                                          
57FMABBO09   72681150 +184 58 94126152                                          
57FMABBO09   72681151 +194 76109127162                                          
57FMABBO09   72680152 +195 59 92120156                                          
57FMABBO09   72681153 +177 51 94120149                                          
57FMABBO09   72680154 +181 60 97127155                                          
57FMABBO09   72670155 +244 69 99127163207                                       
57FMABBO09   72680156 +195 70115136160                                          
57FMABBO09   72701157 +144 52102                                                
57FMABBO09   72680158 +190 60 93120154                                          
57FMABBO09   72681159 +170 68110130150                                          
57FMABBO09   72690160 +178 70107140                                             
57FMABBO09   72671162 +255 71116144179223                                       
57FMABBO09   72650163 +295 75109150190221238261                                 
57FMABBO09   72680165 +222 67108139190                                          
