57FMABBO02  171680002 +120 50 85104
57FMABBO02  171670003 +215 58112148200
57FMABBO02  171690004 +125 69110
57FMABBO02  171670005 +185 76133163177
57FMABBO02  171680006 +160 62118150
57FMABBO02  171661007 +190 51 80121158183
57FMABBO02  171680008 +125 69 90117
57FMABBO02  171651009 +220 58101146182194209
57FMABBO02  171680010 +125 53 91115
57FMABBO02  171661011 +185 56 97146172180
57FMABBO02  171660012 +225 78129184208217
57FMABBO02  171660013 +205 61 92145175197
57FMABBO02  171670014 +200 71126169189
57FMABBO02  171680015 +195 74134177
57FMABBO02  171660016 +165 59 89115150163
57FMABBO02  171670017  140 59 91126140
57FMABBO02  171670018  165 48 89125165
57FMABBO02  171670019 +165 65114148162
57FMABBO02  171661177 +170 53 83124151163
57FMABBO02  171660178  220 59104156176220
57FMABBO02  171670179  165 67110139165
57FMABBO02  171660180 +235 64120161195225
57FMABBO02  171671026  160 53110142160
57FMABBO02  171660027 +180 57 95130156170
57FMABBO02  171670028 +165 62121151162
57FMABBO02  171670029  165 68125159165
57FMABBO02  171680030 +145 68115137
57FMABBO02  171681031 +145 65106134
57FMABBO02  171660032 +180 66 93139150168
57FMABBO02  171660033 +170 69105126154168
57FMABBO02  171680034 +155 65110144
57FMABBO02  171660035  215 64123157199215
57FMABBO02  171681036 +135 54107132
57FMABBO02  171670038  185 67119163185
57FMABBO02  171640039 +230 59 93148167191212227
57FMABBO02  171671040  165 58107147165
57FMABBO02  171671042 +165 60110142156
57FMABBO02  171650043 +170 53 79110144161167
57FMABBO02  171671044 +165 61104145158
57FMABBO02  171671045  150 56 96127150
57FMABBO02  171670046 +150 55 99139147
57FMABBO02  171681047 +140 76113132
57FMABBO02  171670048  210 59138194210
57FMABBO02  171640049 +220 58 84109130168192209
57FMABBO02  171681050 +135 54 93126
57FMABBO02  171681051 +120 58 92113
57FMABBO02  171670052  150 48 96130150
57FMABBO02  171680053 +130 61 99119
57FMABBO02  171670054  140 51 95117140
57FMABBO02  171671055  150 52 92130150
57FMABBO02  171640056 +220 59 89116135175200215
57FMABBO02  171670058  150 67116138150
57FMABBO02  171641059 +210 66117142163186203208
57FMABBO02  171671060  150 58107134150
57FMABBO02  171660061 +205 73121155180197
57FMABBO02  171681063 +155 71128148
57FMABBO02  171640064 +255 64108151176200218250
57FMABBO02  171670065  150 60108139150
57FMABBO02  171670066  160 64107144160
57FMABBO02  171640069  255 80119176194212245255
57FMABBO02  171681070 +130 58 99124
57FMABBO02  171680071 +135 75104122
57FMABBO02  171680073 +135 64102118
57FMABBO02  171670074  145 55100129145
57FMABBO02  171671075  155 54104143155
57FMABBO02  171680076 +135 71102122
57FMABBO02  171670077  190 52115161190
57FMABBO02  171670078 +180 58105155176
57FMABBO02  171680079 +140 62101120
57FMABBO02  171661080  165 57104126149165
57FMABBO02  171650081 +215 54 85111153183199
57FMABBO02  171671082  180 61110164180
57FMABBO02  171660083  215 60115146187215
57FMABBO02  171680084 +145 57108137
57FMABBO02  171690086 +125 65107
57FMABBO02  171680087 +115 59 87105
57FMABBO02  171681088 +140 55 81105
57FMABBO02  171671089  140 60 86129140
57FMABBO02  171620090 +235 60 90127142172194207218226
57FMABBO02  171681091 +130 52105128
57FMABBO02  171670095 +165 60114154163
57FMABBO02  171670096  185 63115163185
57FMABBO02  171670097  165 52101140165
57FMABBO02  171630098 +220 60 95125149162184210217
57FMABBO02  171680099 +135 53 80130
57FMABBO02  171681100 +130 66 98113
57FMABBO02  171670101  135 52 95124135
57FMABBO02  171650102  225 58 88126177209225
57FMABBO02  171671103  165 62119150165
57FMABBO02  171671104  165 57121152165
57FMABBO02  171680105 +140 68106128
57FMABBO02  171680106 +145 53101134
57FMABBO02  171681107 +160 64119154
57FMABBO02  171690108 +125 55114
57FMABBO02  171671109 +155 58120146152
57FMABBO02  171680110 +145 65109136
57FMABBO02  171671111 +180 67107144165
57FMABBO02  171690112 +130 58120
57FMABBO02  171681113 +165 73125155
57FMABBO02  171681114 +135 72107128
57FMABBO02  171670115 +155 59108131145
57FMABBO02  171681116 +140 70113131
57FMABBO02  171651117 +190 62 94116158176186
57FMABBO02  171650118 +205 67106135152172198
57FMABBO02  171680119 +125 67 99118
57FMABBO02  171670120  170 66120157170
57FMABBO02  171670121  170 60112152170
57FMABBO02  171670122  145 59102133145
57FMABBO02  171640123 +225 76 99122145185209218
57FMABBO02  171670124 +160 55101139157
57FMABBO02  171670125 +155 62 96125144
57FMABBO02  171670126 +165 58 94130157
57FMABBO02  171650127 +170 52 88119139160168
57FMABBO02  171660128  210 56102134184210
57FMABBO02  171670129 +165 54 85125150
57FMABBO02  171660130 +170 50 78110144162
57FMABBO02  171680131 +155 64107131
57FMABBO02  171680132 +160 73121142
57FMABBO02  171671133  165 63102133165
57FMABBO02  171681136 +145 56 97117
57FMABBO02  171670138 +220 56127180216
57FMABBO02  171660139 +230 56 93149199228
57FMABBO02  171681140 +135 64 99115
57FMABBO02  171671141  165 57 99144165
57FMABBO02  171680142  135 52100135
57FMABBO02  171671143  140 59 93120140
57FMABBO02  171671144 +155 66100123153
57FMABBO02  171650145 +190 51 76106142174188
57FMABBO02  171671146 +145 54 92113143
57FMABBO02  171650148 +240 59 97143201223237
57FMABBO02  171660149 +200 60118152182191
57FMABBO02  171670150 +155 54 96123153
57FMABBO02  171650151 +230 73117151175196220
57FMABBO02  171640152 +240 50 93122146188210237
57FMABBO02  171660153 +195 66 90137156172
57FMABBO02  171661154 +145 54100118128137
57FMABBO02  171650155 +235 61 92117158190215
57FMABBO02  171670157  175 62116144175
57FMABBO02  171640158  250 61 99129157190227250
57FMABBO02  171670160 +145 52 82114142
57FMABBO02  171680161 +140 51 81109
57FMABBO02  171670163 +165 62105126145
57FMABBO02  171671164 +195 54116158186
57FMABBO02  171651166  250 64106142183219250
57FMABBO02  171681168 +155 75121137
57FMABBO02  171680169 +140 62 89107
57FMABBO02  171660170 +215 58 86127163189
57FMABBO02  171640171 +223 70101125147185205213
57FMABBO02  171660172  195 54 93137181195
57FMABBO02  171670173 +160 58 78109141
57FMABBO02  171670175  180 62101140180
57FMABBO02  171651176 +200 55101124178190197
57FMABBO02  171670255 +140 53 82111137
57FMABBO02  171680257 +145 70105123
57FMABBO02  171630258  285 61101133169209240266285
57FMABBO02  171660194 +210 51 83121158189
57FMABBO02  171670195  230 60128183230
57FMABBO02  171660196 +190 60 84127156173
57FMABBO02  171681198 +160 72113131
57FMABBO02  171681199 +135 68100118
57FMABBO02  171660200 +225 59101159195213
57FMABBO02  171681201 +155 64110132
57FMABBO02  171681203 +140 55104137
57FMABBO02  171670204 +205 79137177200
57FMABBO02  171670205  150 57 92117150
57FMABBO02  171640206 +240 54 76114177207222237
57FMABBO02  171671207  170 57106136170
57FMABBO02  171660208  210 64114158183210
57FMABBO02  171650209  225 65119160193210225
57FMABBO02  171660210  190 60106151168190
57FMABBO02  171670211 +200 59116161196
57FMABBO02  171681213 +150 64113127
57FMABBO02  171680214 +140 60 93115
57FMABBO02  171680215 +180 63108156
57FMABBO02  171681216 +135 60 87105
57FMABBO02  171681217 +125 55 84123
57FMABBO02  171650218 +220 59 91130178205218
57FMABBO02  171681220 +145 63103123
57FMABBO02  171680221 +145 65103117
57FMABBO02  171680222 +145 56 93114
57FMABBO02  171660223  220 65123171191220
57FMABBO02  171670224 +165 69119141164
57FMABBO02  171681225 +160 71113128
57FMABBO02  171630226 +270 61 99151177203219242265
57FMABBO02  171630227  285 59 94132160196232256285
57FMABBO02  171670228  185 65121159185
57FMABBO02  171681229 +185 72137170
57FMABBO02  171660230  200 64107150177200
57FMABBO02  171671231 +165 57104142163
57FMABBO02  171671233 +155 55104140152
57FMABBO02  171661234 +170 57102139154167
57FMABBO02  171670252 +150 67 92123148
57FMABBO02  171680253 +130 59 89107
57FMABBO02  171670254 +195 68118153182
57FMABBO02  171630240 +250 56 83109140169209240248
57FMABBO02  171650242 +230 67110145188213222
57FMABBO02  171660243 +200 69108148182191
57FMABBO02  171671244 +170 64109129157
57FMABBO02  171670245 +175 52 86132157
57FMABBO02  171670247  160 67118143160
57FMABBO02  171670248  135 57100125135
57FMABBO02  171671249  150 62 98137150
57FMABBO02  171670250  170 64115156170
57FMABBO02  171691251 +115 62 95
57FMABBO091  71670235 +165 60 98130163
57FMABBO091  71660236  175 63 98128150175
57FMABBO091  71650238 +225 63108129171202212
57FMABBO091  71660020  195 65112148181195
57FMABBO091  71660021 +200 56 94155186196
57FMABBO091  71630022 +275 66103137163224231254272
57FMABBO091  71631023  260 56 91113150190230251260
57FMABBO091  71671024  180 58117170180
57FMABBO091  71680025 +150 70107137
57FMABBO091  71670191 +210 59 99162194
57FMABBO091  71680192 +145 52103143
57FMABBO091  71660193 +200 53 95141177185
57FMABBO091  71670181  180 64 98144180
57FMABBO091  71670182  180 66125152180
57FMABBO091  71680183 +140 63 92111
57FMABBO091  71670184  175 62 87138175
57FMABBO091  71670185 +170 56110143153
57FMABBO091  71681186 +140 69 98115
57FMABBO091  71670187  160 62110135160
57FMABBO091  71660188  190 66108136159190
57FMABBO091  71670189  160 53 98127160
57FMABBO091  71670190  165 59 99143165
