57RAABBO 8   85791  1  220 52 94121155190220
57RAABBO 8   85791  2  210 57100131158184210
57RAABBO 8   85761  3  350 69103143207256273299334350
57RAABBO 8   85771  4  310 70109144174215243273310
57RAABBO 8   85801  5  170 53 90114136170
57RAABBO 8   85821  6  140 55 92140
57RAABBO 8   85791  7  195 50 96131162175195
57RAABBO 8   85791  8  230 64102132156195230
57RAABBO 8   85801  9  195 57117147177195
57RAABBO 8   85801 10  160 76103126142160
57RAABBO 8   85801 11  210 58102141183210
57RAABBO 8   85791 12  225 69122161179199225
57RAABBO 8   85791 13  220 55111149177197220
57RAABBO 8   85801 14  190 59 96130159190
57RAABBO 8   85801 15  190 62107154167190
57RAABBO 8   85781 16  220 69 91139155177190220
57RAABBO 8   85801 18  150 51 82108130150
57RAABBO 8   85801 19  150 54 98125141150
57RAABBO 8   85791 20  160 50 78104124140160
57RAABBO 8   85811 21  160 79110146160
57RAABBO 8   85801 22  160 52 93120139160
57RAABBO 8   85801 23  165 64 88104128165
57RAABBO 8   85801 24  165 60 86111134165
57RAABBO 8   85801 25  165 49 87121133165
57RAABBO 8   85801 26  170 55 85112135170
57RAABBO 8   85801 27  170 46 85118140170
57RAABBO 8   85791 28  170 48 72107126147170
57RAABBO 8   85811 29  170 58101144170
57RAABBO 8   85801 31  175 50 80104139175
57RAABBO 8   85791 32  175 47 97120135153175
57RAABBO 8   85801 33  175 49 90115142175
57RAABBO 8   85791 34  180 48 92115131155180
57RAABBO 8   85801 35  180 51 83120146180
57RAABBO 8   85801 36  180 67109139158180
57RAABBO 8   85801 37  185 56 90126152185
57RAABBO 8   85791 38  185 60101131153167185
57RAABBO 8   85781 39  185 52 91117136154175185
57RAABBO 8   85801 40  185 52 89110142185
57RAABBO 8   85781 41  185 58 94127143161168185
57RAABBO 8   85781 42  190 50 94129148162174190
57RAABBO 8   85801 43  190 65101135163190
57RAABBO 8   85801 44  190 57 88120156190
57RAABBO 8   85791 45  195 55 90114139163195
57RAABBO 8   85791 46  195 46 92119136164195
57RAABBO 8   85801 47  205 58 84122164205
57RAABBO 8   85791 48  210 56106147171192210
57RAABBO 8   85791 50  215 60102143167192215
57RAABBO 8   85791 51  215 54101126149180215
57RAABBO 8   85791 52  220 55 85115143180220
57RAABBO 8   85781 53  275 53105139164197235275
57RAABBO 8   85791 54  250 59103131155195250
57RAABBO 8   85781 55  240 45 94130155179215240
57RAABBO 8   85791 56  230 62 99136166207230
57RAABBO 8   85791 57  225 69 90122156194225
57RAABBO 8   85791 58  225 50 85126150187225
57RAABBO 8   85801 59  150 42 71101122150
57RAABBO 8   85801 60  155 47 77108131155
57RAABBO 8   85821 61  155 73104155
57RAABBO 8   85791 62  170 60 93122137154170
57RAABBO 8   85801 63  170 58 97130149170
57RAABBO 8   85791 64  170 61100124133154170
57RAABBO 8   85801 65  170 50 87107138170
57RAABBO 8   85791 66  165 56 94125138149165
57RAABBO 8   85791 67  165 44 88106123139165
57RAABBO 8   85791 68  215 52 95134179196215
57RAABBO 8   85781 69  230 58112164181201217230
57RAABBO 8   85801 70  195 72106139166195
57RAABBO 8   85781 71  195 64101128145163184195
57RAABBO 8   85791 72  220 56 90112143183220
57RAABBO 8   85801 73  220 60103139184220
57RAABBO 8   85791 74  210 50101123151175210
57RAABBO 8   85791 75  210 50100120145175210
57RAABBO 8   85791 76  175 46 89121147161175
57RAABBO 8   85791 77  175 76108121132147175
57RAABBO 8   85801 78  175 61 91115135175
57RAABBO 8   85801 80  180 54 88112143180
57RAABBO 8   85791 81  180 59 94119132151180
57RAABBO 8   85791 82  180 54 95116134148180
57RAABBO 8   85791 83  180 52 83121136163180
57RAABBO 8   85791 84  180 54 93121130148180
57RAABBO 8   85791 85  145 51 84107115128145
57RAABBO 8   85791 86  155 53 91118124138155
57RAABBO 8   85791 87  155 59 91114131143155
57RAABBO 8   85811 89  155 51 78114155
57RAABBO 8   85811 90  155 52 96129155
57RAABBO 8   85791 91  165 51 83113128143165
57RAABBO 8   85791 92  165 49 77103115133165
57RAABBO 8   85781 93  230 62 99134161186209230
57RAABBO 8   85791 95  160 52 77107119136160
57RAABBO 8   85801 96  170 50 90114132170
57RAABBO 8   85791 97  190 46 80110132154190
57RAABBO 8   85791 98  180 58 89114123141180
57RAABBO 8   85791 99  180 47 78114126147180
57RAABBO 8   85811100  140 47 85115140
57RAABBO 8   85801101  150 55 86111129150
57RAABBO 8   85801102  150 44 80104123150
57RAABBO 8   85801104  150 53 83106126150
57RAABBO 8   85801105  150 48 83102126150
57RAABBO 8   85801106  150 44 79101117150
57RAABBO 8   85791107  150 53 82109118129150
57RAABBO 8   85811108  150 52 83114150
57RAABBO 8   85801110  140 53 84105119140
57RAABBO 8   85801111  150 62 90114132150
57RAABBO 8   85801112  150 58 86106122150
57RAABBO 8   85801113  150 56 87106122150
57RAABBO 8   85801114  150 60 95109123150
57RAABBO 8   85801115  190 49 78122162190
57RAABBO 8   85791116  190 51 90127151174190
57RAABBO 8   85801117  190 51 86132164190
57RAABBO 8   85791118  190 49 89124147166190
57RAABBO 8   85791119  190 54100130151169190
57RAABBO 8   85801120  150 60 94112130150
57RAABBO 8   85801121  145 55 79 99125145
57RAABBO 8   85801123  150 51 79 97110150
57RAABBO 8   85801125  140 53 82 96116140
57RAABBO 8   85821126  140 73106140
57RAABBO 8   85811126  140 50 73106140
57RAABBO 8   85791128  150 47 73 99114130150
57RAABBO 8   85791129  150 57 77107119133150
57RAABBO 8   85791130  150 58 86110120134150
57RAABBO 8   85791131  160 57 88106115132160
57RAABBO 8   85801132  160 59 94116136160
57RAABBO 8   85801133  160 47 79105120160
57RAABBO 8   85791134  160 53 82101117130160
57RAABBO 8   85791135  160 52 84113122134160
57RAABBO 8   85791136  155 54 87109124134155
57RAABBO 8   85791137  155 54 88121132146155
57RAABBO 8   85801139  150 63 94114138150
57RAABBO 8   85791140  155 69 95112123134155
57RAABBO 8   85791142  160 58 84109121135160
57RAABBO 8   85801143  160 56 84106127160
57RAABBO 8   85791144  160 50 81113124139160
57RAABBO 8   85801145  160 54 86110130160
57RAABBO 8   85781146  200 46 86125147161184200
57RAABBO 8   85791147  150 47 84103117130150
57RAABBO 8   85801148  150 50 82110131150
57RAABBO 8   85791149  150 50 84103115129150
57RAABBO 8   85801150  225 70113150179225
57RAABBO 8   85781151  190 56 78107130154177190
57RAABBO 8   85791152  165 46 83117135155165
57RAABBO 8   85791154  165 49 76105123149165
57RAABBO 8   85801155  195 52 89128158195
57RAABBO 8   85791156  195 55 92128149183195
57RAABBO 8   85791157  170 57 86113130146170
57RAABBO 8   85791158  170 56 85123139152170
57RAABBO 8   85791159  180 49 87119138159180
57RAABBO 8   85791160  180 54 86111123151180
57RAABBO 8   85801161  200 50100127181200
57RAABBO 8   85791162  200 52 89116137163200
57RAABBO 8   85791163  200 43 84104133166200
57RAABBO 8   85801164  200 51 91125162200
57RAABBO 8   85801165  200 46 94123157200
57RAABBO 8   85811166  180 72106140180
57RAABBO 8   85791167  180 60 83106127148180
57RAABBO 8   85801168  180 56 81114138180
57RAABBO 8   85801169  180 46 75109145180
57RAABBO 8   85801170  180 59 91119149180
57RAABBO 8   85801171  200 57100124154200
57RAABBO 8   85791172  200 59107138163177200
57RAABBO 8   85781173  200 48 74109133151173200
57RAABBO 8   85811174  170 66 88122170
57RAABBO 8   85791175  170 50 75100123146170
57RAABBO 8   85801176  170 54 83113145170
57RAABBO 8   85791177  240 58 89125162212240
57RAABBO 8   85781178  220 49 85129162187204220
57RAABBO 8   85791179  230 50 99129154184230
57RAABBO 8   85791180  230 55104140169200230
57RAABBO 8   85801181  190 52 87121151190
57RAABBO 8   85801182  190 56 97132165190
57RAABBO 8   85791183  190 50 87110132155190
57RAABBO 8   85781184  290 49108146192218258290
57RAABBO 8   85801185  175 57 95128145175
57RAABBO 8   85791186  175 69114134148165175
57RAABBO 8   85801187  175 55 95123147175
57RAABBO 8   85801188  175 55 93121146175
57RAABBO 8   85791189  225 74107134165190225
57RAABBO 8   85791190  225 46 78107134181225
57RAABBO 8   85801191  155 45 77114131155
57RAABBO 8   85791192  195 52 94114144165195
57RAABBO 8   85791193  160 54 85 98110139160
57RAABBO 8   85791194  215 72130162180200215
57RAABBO 8   85791195  225 46 88119142171225
57RAABBO 8   85791196  185 74116131146161185
57RAABBO 8   85801197  185 48 80108137185
57RAABBO 8   85791198  240 70113143177211240
57RAABBO 8   85821199  140 73102140
57RAABBO 8   85801200  195 73100118151195
57RAABBO 8   85801201  195 59103126161195
57RAABBO 8   85821202  180 73124180
57RAABBO 8   85801203  195 75111136160195
57RAABBO 8   85791204  235 54 91128166202235
57RAABBO 8   85811205  140 52 72108140
57RAABBO 8   85821206  145 56101145
