67RAABBO 9  096930163 +208082119150208                                          
67RAABBO 9  096910164 +235100124142172192235                                    
67RAABBO 9  096920165 +235099134162194235                                       
67RAABBO 9  096920168 +203079111137168203                                       
67RAABBO 9  096920170 +255086118171206255                                       
67RAABBO 9  096920171 +211108114149172211                                       
67RAABBO 9  096920174 +190083107132154190                                       
67RAABBO 9  096930175 +206091131164206                                          
67RAABBO 9  096890176 +300088108126140166210253300                              
67RAABBO 9  096910177 +214084103120148166214                                    
67RAABBO 9  096900178 +272104129142163203239272                                 
67RAABBO 9  096910179 +216081104138155182216                                    
67RAABBO 9  096930180 +212094127163212                                          
67RAABBO 9  096900181 +200089103113123133156200                                 
67RAABBO 9  096900182 +237103114136178197215237                                 
67RAABBO 9  096920183 +216101120139173216                                       
67RAABBO 9  096920186 +238 99118145192238                                       
67RAABBO 9  096910187 +208101122135162184208                                    
67RAABBO 9  096920188 +214093114132168214                                       
67RAABBO 9  096920189 +237079102152193237                                       
67RAABBO 9  096920190 +233101141166196233                                       
67RAABBO 9  096880191 +236051081102126144168186230236                           
67RAABBO 9  096900192 +226076111140158175204226                                 
67RAABBO 9  096910196 +245082102126167202245                                    
67RAABBO 9  096900197 +236083108139155183209236                                 
67RAABBO 9  096920198 +221089119150186221                                       
67RAABBO 9  096910199 +258065106151176201258                                    
67RAABBO 9  096890200 +245070100121140158192213245                              
67RAABBO 9  096910202 +226103131157171189226                                    
67RAABBO 9  096920203 +220083100135168220                                       
67RAABBO 9  096930204 +240085146190240                                          
67RAABBO 9  096920205 +206087106124154206                                       
67RAABBO 9  096910206 +218104122158176188218                                    
67RAABBO 9  096910207 +237081130146181199237                                    
67RAABBO 9  096920208 +232084110156192232                                       
67RAABBO 9  096920215 +250084112155198250                                       
67RAABBO 9  096910216 +240096130167194213240                                    
67RAABBO 9  096910217 +235093130164196221235                                    
67RAABBO 9  096920218 +226078099133168226                                       
67RAABBO 9  096910219 +231073102129156189231                                    
67RAABBO 9  096900220 +266096126168185218231266                                 
67RAABBO 9  096890221 +250065105139161173188200250                              
67RAABBO 9  096930222 +203089124155203                                          
67RAABBO 9  096910223 +217055098130156180217                                    
67RAABBO 9  096910224 +197101123142150164197                                    
67RAABBO 9  096920225 +231081114140193231                                       
67RAABBO 9  096920226 +204079110134176204                                       
67RAABBO 9  096910227 +254085112155201235254                                    
67RAABBO 9  096921228 +198094130156181198                                       
67RAABBO 9  096940230 +177108149177                                             
67RAABBO 9  096920233 +228083130176218228                                       
67RAABBO 9  096920234 +178083116139156178                                       
67RAABBO 9  096930235 +176075103142176                                          
67RAABBO 9  096910238 +262083115141185218262                                    
67RAABBO 9  096930239 +195084125158195                                          
67RAABBO 9  096930240 +176092130153176                                          
67RAABBO 9  096930241 +168067099129168                                          
67RAABBO 9  096920242 +220078116145173220                                       
67RAABBO 9  096930244 +187081124155187                                          
67RAABBO 9  096940245 +191101140191                                             
67RAABBO 9  096930247 +190096144166190                                          
67RAABBO 9  096910248 +216082111142174199216                                    
67RAABBO 9  096920250 +224085115164198224                                       
67RAABBO 9  096910251 +205087112128140163205                                    
67RAABBO 9  096920252 +227097123168192227                                       
67RAABBO 9  096910254 +242073095127160205242                                    
67RAABBO 9  096920256 +204083115141154204                                       
67RAABBO 9  096900257 +226088119128148172194226                                 
67RAABBO 9  096920258 +189078115134155189                                       
67RAABBO 9  096920259 +204074121153188204                                       
67RAABBO 9  096920260 +196102123140162196                                       
67RAABBO 9  096910261 +235092121137173198235                                    
67RAABBO 9  096910262 +203089122135155179203                                    
67RAABBO 9  096920263 +214093122156175214                                       
67RAABBO 9  096910264 +222091126157177214222                                    
67RAABBO 9  096910265 +240077108149187217240                                    
67RAABBO 9  096910267 +255083119169203219255                                    
67RAABBO 9  096930268 +189085117138189                                          
67RAABBO 9  096910269 +238076103135165191238                                    
67RAABBO 9  096920271 +217086107131157217                                       
67RAABBO 9  096930272 +210082126154210                                          
67RAABBO 9  096930273 +192090125149192                                          
67RAABBO 9  096910274 +204086108128144181204                                    
67RAABBO 9  096930275 +194105137170194                                          
67RAABBO 9  096910276 +217075105129151170217                                    
67RAABBO 9  096930277 +188075109133188                                          
67RAABBO 9  096931279 +187074125139187                                          
67RAABBO 9  096930280 +230090128170230                                          
67RAABBO 9  096920281 +195079110133157195                                       
67RAABBO 9  096920282 +225076105150201225                                       
67RAABBO 9  096930283 +208098132164208                                          
67RAABBO 9  096940284 +172081128172                                             
67RAABBO 9  096930285 +179082119146179                                          
67RAABBO 9  096910286 +270088109138181218270                                    
67RAABBO 9  096910288 +255083111140164206255                                    
67RAABBO 9  096910289 +241088115164186207241                                    
67RAABBO 9  096920291 +233090118147186233                                       
67RAABBO 9  096890292 +255082112127147163195221255                              
67RAABBO 9  096920293 +248088117157199248                                       
67RAABBO 9  096910294 +220094111133157177220                                    
67RAABBO 9  096920295 +242087120158194242                                       
67RAABBO 9  096920296 +230081108141188230                                       
67RAABBO 9  096910297 +260089113137166210260                                    
67RAABBO 9  096920298 +242083134159190242                                       
67RAABBO 9  096920299 +223081111141175223                                       
