57FBABBO 929984810001 +156 62 97124                                             
57FBABBO 929984820002 +146 49101                                                
57FBABBO 929984811003 +145 54 92123                                             
57FBABBO 929984821004 +162 78121                                                
57FBABBO 929984810005 +160 56 93124                                             
57FBABBO 929984810006 +165 63104160                                             
57FBABBO 929984811007 +162 59111130                                             
57FBABBO 929984800008 +167 55 91113143                                          
57FBABBO 929984801009 +163 51 84126152                                          
57FBABBO 929984801010 +174 52 87125147                                          
57FBABBO 929984800011 +180 61107135158                                          
57FBABBO 929984800012 +182 53 98119150                                          
57FBABBO 929984801013 +210 75106155186                                          
57FBABBO 929984801014 +191 59 94132163                                          
57FBABBO 929984809015 +193 68 97132162                                          
57FBABBO 929984790016 +178 61 91111145166                                       
57FBABBO 929984801017 +195 60 94138165                                          
57FBABBO 929984800018 +205 53 87128175                                          
57FBABBO 929984800019 +228 56102164204                                          
57FBABBO 929984770020 +216 49 81103132150172209                                 
57FBABBO 929984790022 +199 56 87136168183                                       
57FBABBO 929984781023 +207 59 99151169190195                                    
57FBABBO 929984780024 +213 65 96136155184200                                    
57FBABBO 929984780025 +236 63 99139163194220                                    
57FBABBO 929984770026 +203 60 91118132157173190                                 
57FBABBO 929984800027 +187 62 97135163                                          
57FBABBO 929984790028 +195 60 94123151174                                       
57FBABBO 929984801029 +179 57 89130159                                          
57FBABBO 929984800030 +173 54 83116145                                          
57FBABBO 929984800031 +199 57 92131164                                          
57FBABBO 929984801032 +187 66102138164                                          
57FBABBO 929984801033 +193 61 87130162                                          
57FBABBO 929984760034 +257 62123145181211222234246                              
57FBABBO 929984800035 +238 70102165206                                          
57FBABBO 929984790036 +182 57106126155168                                       
57FBABBO 929984800037 +187 67109145169                                          
57FBABBO 929984791038 +178 52 84117131151                                       
57FBABBO 929984800039 +190 57 92131162                                          
57FBABBO 929984801040 +178 50 88124145                                          
57FBABBO 929984790041 +211 62107128152186                                       
57FBABBO 929984790042 +203 64 90127164187                                       
57FBABBO 929984800043 +200 69 95133175                                          
57FBABBO 929984801044 +205 60 95141182                                          
57FBABBO 929984800046 +172 55103141154                                          
57FBABBO 929984811047 +136 63 93119                                             
57FBABBO 929984820048 +127 59 93                                                
57FBABBO 929984820049 +137 58 95                                                
57FBABBO 929984819050 +152 66116135                                             
57FBABBO 929984810051 +136 49 90113                                             
57FBABBO 929984821052 +126 67105                                                
57FBABBO 929984821053 +132 65101                                                
57FBABBO 929984821054 +112 51 85                                                
57FBABBO 929984780055 +191 59 78104126160181                                    
57FBABBO 929984800056 +175 73100136159                                          
57FBABBO 929984811057 +142 60 93119                                             
57FBABBO 929984820058 +116 54 93                                                
57FBABBO 929984800059 +180 60 99142161                                          
57FBABBO 929984801060 +168 67 97133160                                          
57FBABBO 929984790061 +210 65102129168190                                       
57FBABBO 929984821062 +117 62 92                                                
57FBABBO 929984821064 +116 58 99                                                
57FBABBO 929984821065 +121 58 90                                                
57FBABBO 929984821066 +118 63 93                                                
57FBABBO 929984829067 +122 64103                                                
57FBABBO 929984821068 +113 61 83                                                
57FBABBO 929984820069 +125 62104                                                
57FBABBO 929984801070 +180 61 95145168                                          
57FBABBO 929984800071 +177 70101136161                                          
57FBABBO 929984821072 +110 52 89                                                
57FBABBO 929984810073 +170 68112143                                             
57FBABBO 929984801075 +176 68 97125150                                          
57FBABBO 929984820076 +123 61 94                                                
57FBABBO 929984820077 +123 67 99                                                
57FBABBO 929984820078 +126 63101                                                
57FBABBO 929984829079 +115 65 93                                                
57FBABBO 929984829080 +127 67 96                                                
57FBABBO 929984821081 +116 59 94                                                
57FBABBO 929984820082 +115 53 96                                                
57FBABBO 929984820083 +124 68103                                                
57FBABBO 929984820084 +126 64 99                                                
57FBABBO 929984821085 +116 61 91                                                
57FBABBO 929984820086 +120 66 98                                                
57FBABBO 929984791087 +167 68101127148159                                       
57FBABBO 929984801088 +154 59 83114133                                          
57FBABBO 929984829089 +131 63104                                                
57FBABBO 929984790091 +194 56 85131159181                                       
57FBABBO 929984820092 +122 53 81                                                
57FBABBO 929984781093 +177 57 90128147161172                                    
57FBABBO 929984801094 +174 56 87127160                                          
57FBABBO 929984801095 +170 77122146164                                          
57FBABBO 929984800096 +180 52 93133158                                          
57FBABBO 929984811097 +150 71 98123                                             
57FBABBO 929984829098 +130 67101                                                
57FBABBO 929984821099 +122 58 96                                                
57FBABBO 929984821100 +120 51 84                                                
57FBABBO 929984821101 +119 59 89                                                
57FBABBO 929984830102 +119 72                                                   
57FBABBO 929984821104 +120 59 86                                                
57FBABBO 929984811105 +173 78124149                                             
57FBABBO 929984810106 +150 54 95118                                             
57FBABBO 929984791108 +172 58103123148160                                       
57FBABBO 929984800109  165 61101138165                                          
57FBABBO 929984801110 +167 75117143159                                          
57FBABBO 929984801111 +178 69 93126156                                          
57FBABBO 929984800112 +178 67 90128154                                          
57FBABBO 929984810113 +167 64 93133                                             
57FBABBO 929984800114 +185 49 81116153                                          
57FBABBO 929984810115 +170 60116146                                             
57FBABBO 929984810116 +158 55104134                                             
57FBABBO 929984820117 +117 60 92                                                
57FBABBO 929984821118 +116 52 86                                                
57FBABBO 929984820119 +130 63 97                                                
57FBABBO 929984821120 +116 64 96                                                
57FBABBO 929984801121 +167 64107135157                                          
57FBABBO 929984790122 +181 62 93115146168                                       
57FBABBO 929984820123 +110 51 90                                                
57FBABBO 929984800124 +176 62107136160                                          
57FBABBO 929984820125 +129 67103                                                
57FBABBO 929984800126 +176 53 88120154                                          
57FBABBO 929984801127 +176 60 99141165                                          
57FBABBO 929984820129 +129 64 97                                                
57FBABBO 929984800130 +182 62 98134164                                          
57FBABBO 929984810131 +176 54 95145                                             
57FBABBO 929984800132 +170 54 86121147                                          
57FBABBO 929984810133 +165 54 98133                                             
57FBABBO 929984810134 +167 59111143                                             
57FBABBO 929984791135 +173 60 89125142170                                       
57FBABBO 929984790136 +228 68126153176198                                       
57FBABBO 929984820137 +143 54 94                                                
57FBABBO 929984811138 +167 51 97133                                             
57FBABBO 929984800139 +176 61 92131153                                          
57FBABBO 929984811140 +156 63 94122                                             
57FBABBO 929984810141 +160 58 86128                                             
57FBABBO 929984800143 +165 54 80107131                                          
57FBABBO 929984821144 +121 60104                                                
57FBABBO 929984801145 +161 64 90115137                                          
57FBABBO 929984811146 +163 59107154                                             
57FBABBO 929984800147 +175 53 86127149                                          
57FBABBO 929984800148 +154 48 82106130                                          
57FBABBO 929984801149 +180 57 97144169                                          
57FBABBO 929984800150 +190 76107142163                                          
57FBABBO 929984791151 +186 69 97120154176                                       
57FBABBO 929984810152 +142 52 92133                                             
57FBABBO 929984800153 +181 58113145167                                          
57FBABBO 929984801154 +175 75105144159                                          
57FBABBO 929984810155 +169 60 87133                                             
57FBABBO 929984800156 +177 59 91146157                                          
57FBABBO 929984800157 +195 56 91129163                                          
57FBABBO 929984800158 +179 62 86111150                                          
57FBABBO 929984801159 +177 70103133157                                          
57FBABBO 929984781160 +228 55 92131155188211                                    
57FBABBO 929984801161 +182 70 97135158                                          
57FBABBO 929984780162 +222 55108144178194206                                    
57FBABBO 929984810163 +146 71 96131                                             
57FBABBO 929984801164 +171 65101124152                                          
57FBABBO 929984820165 +149 68112                                                
57FBABBO 929984790166 +180 57 90114147167                                       
57FBABBO 929984801167 +197 69101143184                                          
57FBABBO 929984780168 +238 66100145170200221                                    
57FBABBO 929984790169 +175 63 93123145161                                       
57FBABBO 929984821170 +156 59117                                                
57FBABBO 929984801172 +174 67104136156                                          
