57FBABBO09   81730001  232 66108145158172185203232                              
57FBABBO09   81740002  205 66102130145161187205                                 
57FBABBO09   81741003  228 66 94113140163196228                                 
57FBABBO09   81760004  205 50 90133167205                                       
57FBABBO09   81740005  217 67117137163175187217                                 
57FBABBO09   81740006  230 71119160178200215230                                 
57FBABBO09   81730007  226 52 76132149180198208226                              
57FBABBO09   81740008  201 51 75 99125150175201                                 
57FBABBO09   81740010  215 60 97138158187198215                                 
57FBABBO09   81750011  195 52 79102124161195                                    
57FBABBO09   81780012  117 50 76117                                             
57FBABBO09   81780013 +150 56101147                                             
57FBABBO09   81760014  172 54 87111137172                                       
57FBABBO09   81750015  186 50 89106126151186                                    
57FBABBO09   81760016  191 59 86116151191                                       
57FBABBO09   81730017  200 60 98133149154166177200                              
57FBABBO09   81740018  207 66103127141160177207                                 
57FBABBO09   81750019  230 56 95131162187230                                    
57FBABBO09   81750020  206 55 99151184196206                                    
57FBABBO09   81760021  208 65122141170208                                       
57FBABBO09   81740022  221 69103145158176197221                                 
57FBABBO09   81760023  208 64115142175208                                       
57FBABBO09   81750024  204 50 78109135163204                                    
57FBABBO09   81750025  217 57 92129161187217                                    
57FBABBO09   81741026  210 55 90108132164197210                                 
57FBABBO09   81750027  197 56 83121139164197                                    
57FBABBO09   81760028  193 50 82124158193                                       
57FBABBO09   81750029  187 55 91119141155187                                    
57FBABBO09   81770030  179 80114142179                                          
57FBABBO09   81771031  165 50 86125165                                          
57FBABBO09   81760033  186 56 97120153186                                       
57FBABBO09   81760034  190 68 93119149190                                       
57FBABBO09   81750035  194 58 95125154181194                                    
57FBABBO09   81780036  144 54 97144                                             
57FBABBO09   81761037  179 66 96116145179                                       
57FBABBO09   81761038  184 55 85103143184                                       
57FBABBO09   81770039  147 66 95134147                                          
57FBABBO09   81780040  149 67113149                                             
57FBABBO09   81780041  156 60 98156                                             
57FBABBO09   81780042  166 67125166                                             
57FBABBO09   81740043  191 53 78104151169183191                                 
57FBABBO09   81780044  147 65 98147                                             
57FBABBO09   81750045  186 71101120136159186                                    
57FBABBO09   81761046  210 56 86129167210                                       
57FBABBO09   81761047  182 54103118142182                                       
57FBABBO09   81781048  150 59108150                                             
57FBABBO09   81761049 +175 49 76111135172                                       
57FBABBO09   81770050  151 55 97122151                                          
57FBABBO09   81770051  165 67114149165                                          
57FBABBO09   81770052  165 67112153165                                          
57FBABBO09   81780053  155 63120155                                             
57FBABBO09   81771054  153 51 88115153                                          
57FBABBO09   81780055 +155 49103152                                             
57FBABBO09   81780056  162 61114162                                             
57FBABBO09   81761057  168 53 83116139168                                       
57FBABBO09   81761058  180 61 87135168180                                       
57FBABBO09   81761060  186 57101124154186                                       
57FBABBO09   81740061  205 50 84104130162183205                                 
57FBABBO09   81750062  203 66110146170193203                                    
57FBABBO09   81760063  220 57 96138176220                                       
57FBABBO09   81720064  215 71109127149183197203209215                           
57FBABBO09   81750065  200 53105124144169200                                    
57FBABBO09   81750066  235 60101142166196235                                    
57FBABBO09   81730067  223 58 95135149158183190223                              
57FBABBO09   81761068  202 64 93122162202                                       
57FBABBO09   81750069  185 48 80106130151185                                    
57FBABBO09   81750070  195 66102134153170195                                    
57FBABBO09   81760071  182 58 94131154182                                       
57FBABBO09   81760072  200 68112132167200                                       
57FBABBO09   81760073  200 57 96142174200                                       
57FBABBO09   81760074  195 58 87119160195                                       
57FBABBO09   81761075  190 68101135159190                                       
57FBABBO09   81761076  185 54 99127146185                                       
57FBABBO09   81761077  200 63112141168200                                       
57FBABBO09   81741078  185 58 84101124143160185                                 
57FBABBO09   81761079  170 67100121139170                                       
57FBABBO09   81770080  180 61103138180                                          
57FBABBO09   81760081  205 57 96135170205                                       
57FBABBO09   81770082  180 63117147180                                          
57FBABBO09   81771083  150 57 90115150                                          
57FBABBO09   81770084  185 62111144185                                          
57FBABBO09   81750085  176 54 85114137163176                                    
57FBABBO09   81750086  200 52 89141169184200                                    
57FBABBO09   81780087  155 65119155                                             
57FBABBO09   81750088  200 57100120143168200                                    
57FBABBO09   81750089  190 60101124139169190                                    
57FBABBO09   81780090  150 61109150                                             
57FBABBO09   81780091  150 51103150                                             
57FBABBO09   81780092  155 64113155                                             
57FBABBO09   81770093  160 50 85111160                                          
57FBABBO09   81760094  215 71103151187215                                       
57FBABBO09   81751095  207 67111160173183207                                    
57FBABBO09   81750096 +197 55 93112135162194                                    
57FBABBO09   81720097  267 64113148180218225237255267                           
57FBABBO09   81730098  224 49 93125147168183196224                              
57FBABBO09   81760099  210 58100135171210                                       
57FBABBO09   81740100  230 60105157183201219230                                 
57FBABBO09   81740101  230 79130156171189210230                                 
57FBABBO09   81730102  215 63130150170179187200215                              
57FBABBO09   81750103 +188 64108134155170185                                    
57FBABBO09   81740104  210 70106125135168189210                                 
57FBABBO09   81760105 +197 55 83128167192                                       
57FBABBO09   81751106 +182 55 99115134156179                                    
57FBABBO09   81750107  208 74108135166195208                                    
57FBABBO09   81761108 +190 55 81112146185                                       
57FBABBO09   81740109 +226 57 86126154180199218                                 
57FBABBO09   81760110 +195 53 87125157189                                       
57FBABBO09   81760111  190 54 96120151190                                       
57FBABBO09   81761112  190 50 87122156190                                       
57FBABBO09   81750113  200 59 92121153174200                                    
57FBABBO09   81751114 +180 64 95114138160173                                    
57FBABBO09   81770115 +180 73116147172                                          
57FBABBO09   81780116 +160 56 97156                                             
57FBABBO09   81790117 +117 55100                                                
57FBABBO09   81791118 +120 58112                                                
57FBABBO09   81781119 +142 56 96132                                             
57FBABBO09   81750120  190 64 90123152166190                                    
57FBABBO09   81771121  153 51 96132153                                          
57FBABBO09   81790123 +110 62106                                                
57FBABBO09   81790124 +115 49 93                                                
57FBABBO09   81761125 +187 58103125156184                                       
57FBABBO09   81750126 +175 52 88104126147167                                    
57FBABBO09   81770127 +165 53 92125155                                          
57FBABBO09   81751128 +194 61101118144169191                                    
57FBABBO09   81780129 +150 49 87138                                             
57FBABBO09   81761130 +185 52 78127150173                                       
57FBABBO09   81770131 +180 71120153170                                          
57FBABBO09   81791132 +125 59 96                                                
57FBABBO09   81791133 +125 61104                                                
57FBABBO09   81781134 +116 53 87112                                             
57FBABBO09   81780135 +156 60113144                                             
57FBABBO09   81770136  173 55 98146173                                          
57FBABBO09   81780137 +160 67100150                                             
57FBABBO09   81761138 +200 55 79120163193                                       
57FBABBO09   81761139  170 53 90125146170                                       
57FBABBO09   81770140 +160 56 83122156                                          
57FBABBO09   81770141  150 55 92129150                                          
57FBABBO09   81780142 +145 49 97139                                             
57FBABBO09   81771143 +170 55 96128155                                          
57FBABBO09   81771144 +185 54 96146178                                          
57FBABBO09   81771145  160 59110136160                                          
57FBABBO09   81781146 +150 64110141                                             
57FBABBO09   81780147 +155 71107152                                             
57FBABBO09   81770148 +150 50 79114145                                          
57FBABBO09   81780149 +143 52 89136                                             
57FBABBO09   81780150 +152 56 85122                                             
57FBABBO09   81780151 +150 56101147                                             
57FBABBO09   81781152 +155 60100143                                             
57FBABBO09   81790153 +125 60105                                                
57FBABBO09   81790154 +120 58103                                                
57FBABBO09   81790155 +120 72114                                                
57FBABBO09   81791156 +125 57102                                                
57FBABBO09   81791157 +125 53100                                                
57FBABBO09   81790158 +123 63 98                                                
57FBABBO09   81750159 +225 66119157196207221                                    
