57FBABBO09   79750002  166 56116149166                                          
57FBABBO09   79761003 +152 71117141                                             
57FBABBO09   79750004  160 66117141160                                          
57FBABBO09   79730007  205 66112138168187205                                    
57FBABBO09   79731008 +201 70109135155176198                                    
57FBABBO09   79751009  135 55 97118135                                          
57FBABBO09   79741011 +183 61105139162176                                       
57FBABBO09   79740012  180 54 92124160180                                       
57FBABBO09   79751013 +177 57124156171                                          
57FBABBO09   79730014 +194 71106127147171184                                    
57FBABBO09   79750015 +158 61105138155                                          
57FBABBO09   79760016 +132 54 98121                                             
57FBABBO09   79730017  186 65108136155174186                                    
57FBABBO09   79760018 +160 63124146                                             
57FBABBO09   79751019 +193 64105161181                                          
57FBABBO09   79751020 +162 54 85112150                                          
57FBABBO09   79751021 +178 69100119147                                          
57FBABBO09   79751023  160 60 91120160                                          
57FBABBO09   79751024 +171 61106143169                                          
57FBABBO09   79761025 +155 62107137                                             
57FBABBO09   79740026 +172 53102125139154                                       
57FBABBO09   79751027 +150 57 97121148                                          
57FBABBO09   79730028 +183 60115142151164181                                    
57FBABBO09   79761029 +172 61111143                                             
57FBABBO09   79751030 +168 63 97133165                                          
57FBABBO09   79741031  189 59 94120152189                                       
57FBABBO09   79760033 +165 66115145                                             
57FBABBO09   79760034 +158 60117136                                             
57FBABBO09   79750035 +162 62114142159                                          
57FBABBO09   79741036  172 58 91112142172                                       
57FBABBO09   79750037  161 59109137161                                          
57FBABBO09   79751038  154 55 96130154                                          
57FBABBO09   79721039 +208 64108142161174185205                                 
57FBABBO09   79730041 +214 70116141169193204                                    
57FBABBO09   79720042  238 63 98152175200222238                                 
57FBABBO09   79740043  169 57 87125151169                                       
57FBABBO09   79740044  176 54 92113145176                                       
57FBABBO09   79710045 +225 65103130154173188206222                              
57FBABBO09   79740046 +162 65103124131149                                       
57FBABBO09   79750047  150 51 83116150                                          
57FBABBO09   79750048 +189 63118146172                                          
57FBABBO09   79720049  223 65122158180194208223                                 
57FBABBO09   79740050 +190 50 80127174186                                       
57FBABBO09   79750051  188 59113148188                                          
57FBABBO09   79740052 +166 61119141156163                                       
57FBABBO09   79750053  160 59 95126160                                          
57FBABBO09   79740054 +182 62101137160172                                       
57FBABBO09   79720056  208 64127149170182194208                                 
57FBABBO09   79750057 +172 57100136166                                          
57FBABBO09   79750058 +185 53 86143181                                          
57FBABBO09   79751059 +195 68125162189                                          
57FBABBO09   79730060  190 62102132157174190                                    
57FBABBO09   79720061  244 59122148180202221244                                 
57FBABBO09   79730062  196 66104132147172196                                    
57FBABBO09   79741063 +180 68115156170177                                       
57FBABBO09   79751065 +160 67113137157                                          
57FBABBO09   79751066  170 59 86132170                                          
57FBABBO09   79721067 +200 59103131163171186197                                 
57FBABBO09   79720068  205 60109135163180190205                                 
57FBABBO09   79761069 +163 62 94134                                             
57FBABBO09   79720070 +207 62110146160169184204                                 
57FBABBO09   79741071 +185 58 88113146183                                       
57FBABBO09   79740072 +213 61108139179210                                       
57FBABBO09   79710073  231 63107142162177200220231                              
57FBABBO09   79720074 +240 64102134181194202218                                 
57FBABBO09   79761075 +176 61118147                                             
57FBABBO09   79751076  166 62105135166                                          
57FBABBO09   79741077  180 65116137159180                                       
57FBABBO09   79751078  169 69113148169                                          
57FBABBO09   79751079  151 56 82121151                                          
57FBABBO09   79761080 +138 55 98128                                             
57FBABBO09   79740081 +155 61 91126144152                                       
57FBABBO09   79730082 +189 58 95137155175186                                    
57FBABBO09   79730083 +233 63102143178207225                                    
57FBABBO09   79710084 +252 65 99127158193207226245                              
57FBABBO09   79710085 +245 59 91130166202213228240                              
57FBABBO09   79741086 +232 69105143191219                                       
57FBABBO09   79750087 +170 63109144164                                          
57FBABBO09   79740088 +210 63118172194202                                       
57FBABBO09   79740089 +168 60111135152162                                       
57FBABBO09   79740090 +215 68116157187201                                       
57FBABBO09   79740091 +191 68122144168181                                       
57FBABBO09   79740094 +194 62 97141163178                                       
57FBABBO09   79740095 +212 60 97149181205                                       
57FBABBO09   79720096 +203 62 98126149166186194                                 
57FBABBO09   79730097 +206 66108141163186202                                    
57FBABBO09   79740098 +197 68105153190194                                       
57FBABBO09   79741099 +166 59105139151162                                       
57FBABBO09   79740100 +184 57 93149165181                                       
57FBABBO09   79731101 +185 53 85115151169180                                    
57FBABBO09   79730102 +184 58107141156163178                                    
57FBABBO09   79751103 +163 60 94113146                                          
57FBABBO09   79760104 +127 49 83117                                             
57FBABBO09   79740106 +188 58104154172183                                       
57FBABBO09   79740107 +177 52104133146165                                       
57FBABBO09   79740108 +196 65105134177193                                       
57FBABBO09   79740110 +198 69121155167195                                       
57FBABBO09   79751111 +173 58113143164                                          
57FBABBO09   79741112 +180 58104143162174                                       
57FBABBO09   79760113 +130 51 87121                                             
57FBABBO09   79740114 +180 60 92131163170                                       
57FBABBO09   79750115 +186 67114141169                                          
57FBABBO09   79751116 +148 54 98138143                                          
57FBABBO09   79741118 +186 59 97153173183                                       
57FBABBO09   79761119 +131 52109128                                             
57FBABBO09   79751120 +159 66107134151                                          
57FBABBO09   79750121 +160 64101120149                                          
57FBABBO09   79760122 +133 54 80115                                             
57FBABBO09   79750123 +159 64 99120149                                          
57FBABBO09   79741124 +194 61105150171184                                       
57FBABBO09   79730125 +197 67116140166181190                                    
57FBABBO09   79741127 +178 64115144161174                                       
57FBABBO09   79751129 +161 58 87141154                                          
57FBABBO09   79740131 +178 60106136153168                                       
57FBABBO09   79740133 +194 62105143168189                                       
57FBABBO09   79751134 +162 58 89112149                                          
57FBABBO09   79760135 +125 53 88115                                             
57FBABBO09   79741136 +180 55 90119151176                                       
57FBABBO09   79741137 +185 59 97137172182                                       
57FBABBO09   79750138 +175 60105126161                                          
57FBABBO09   79730139 +186 61107139159167180                                    
57FBABBO09   79741140 +160 66112134145156                                       
57FBABBO09   79761141 +140 52 86130                                             
57FBABBO09   79770142 +126 54111                                                
57FBABBO09   79740143 +173 55 98138158168                                       
57FBABBO09   79761144 +125 54 81114                                             
57FBABBO09   79751145 +175 55 90124167                                          
57FBABBO09   79740146 +182 66111135151167                                       
57FBABBO09   79740148 +168 55 92123139158                                       
57FBABBO09   79730149 +212 62106151175189207                                    
57FBABBO09   79730151 +210 63102151177185200                                    
57FBABBO09   79761152 +155 60111144                                             
57FBABBO09   79750153 +182 59102137172                                          
57FBABBO09   79770154 +127 58110                                                
57FBABBO09   79761156 +131 51 82122                                             
57FBABBO09   79751157 +170 60105127157                                          
57FBABBO09   79740158 +197 62116153169187                                       
57FBABBO09   79761159 +123 48 77113                                             
57FBABBO09   79751160 +162 65 91115148                                          
57FBABBO09   79770161 +130 57115                                                
57FBABBO09   79740162 +177 63109138150168                                       
57FBABBO09   79761163 +126 52 82112                                             
57FBABBO09   79740164  200 67120176190200                                       
57FBABBO09   79730165 +227 69113149183208218                                    
57FBABBO09   79730166 +228 59 94151182203222                                    
57FBABBO09   79710167  252 59108145175206232239252                              
57FBABBO09   79720169  251 61118174193221239251                                 
57FBABBO09   79731171 +195 58 87133156184192                                    
57FBABBO09   79730172 +186 65106128160178184                                    
57FBABBO09   79730173 +180 55 88109129145164                                    
57FBABBO09   79770174 +122 59114                                                
57FBABBO09   79751175 +172 57 95141167                                          
57FBABBO09   79741176 +164 55 93140150162                                       
57FBABBO09   79751177 +165 59103143163                                          
57FBABBO09   79730178  183 64115145161163183                                    
57FBABBO09   79731179 +190 62121146174183187                                    
57FBABBO09   79730181 +183 49 80124156175180                                    
57FBABBO09   79750182 +138 52 87121131                                          
57FBABBO09   79730184  203 62111161180193203                                    
57FBABBO09   79720185  225 66118171194203215225                                 
57FBABBO09   79720186 +212 62104153174188198202                                 
57FBABBO09   79741187  165 60111139155165                                       
57FBABBO09   79771188 +125 51 95                                                
57FBABBO09   79750189 +181 65118156174                                          
57FBABBO09   79720190 +190 57 89118140167179184                                 
57FBABBO09   79771191 +125 61114                                                
57FBABBO09   79751192 +150 60106131142                                          
57FBABBO09   79770193 +124 59110                                                
57FBABBO09   79740194 +190 65129160177187                                       
57FBABBO09   79750195 +170 57118156167                                          
57FBABBO09   79770196 +130 54115                                                
57FBABBO09   79740197 +167 64106141157164                                       
57FBABBO09   79741198 +179 64103132156175                                       
57FBABBO09   79770199 +122 62104                                                
57FBABBO09   79730200 +195 65 97126162181192                                    
57FBABBO09   79751201 +173 61102143160                                          
57FBABBO09   79751202 +180 65117144162                                          
57FBABBO09   79721203 +217 67108148174193205209                                 
