67FBABBO 979987851  1 +133 59108133                                             
67FBABBO 979987841  2 +126 58 92118126                                          
67FBABBO 979987841  3 +131 65 88123131                                          
67FBABBO 979987850  4 +123 57109123                                             
67FBABBO 979987840  5 +168 71110150168                                          
67FBABBO 979987841  6 +146 67101136146                                          
67FBABBO 979987841  7 +176 69103155176                                          
67FBABBO 979987830  8 +162 66103123151162                                       
67FBABBO 979987820  9 +186 49 81118141174186                                    
67FBABBO 979987821 10 +174 66103133148166174                                    
67FBABBO 979987841 11 +161 68 94140161                                          
67FBABBO 979987830 12 +164 64 95116150164                                       
67FBABBO 979987830 13 +203 74107155182203                                       
67FBABBO 979987790 14 +229 62 91115139162200212224229                           
67FBABBO 979987810 15 +191 57 82112142162184191                                 
67FBABBO 979987810 16 +204 66 98126153167187204                                 
67FBABBO 979987850 17 +121 64106121                                             
67FBABBO 979987810 18 +221 68 97135161191216221                                 
67FBABBO 979987831 19 +152 62104129147152                                       
67FBABBO 979987821 20 +196 68 97145166189196                                    
67FBABBO 979987810 21 +224 66 98137161191207224                                 
67FBABBO 979987830 22 +174 65110133167174                                       
67FBABBO 979987820 23 +189 56 89121146178189                                    
67FBABBO 979987830 24 +179 63 93126161179                                       
67FBABBO 979987810 25 +185 54 97130147160180185                                 
67FBABBO 979987841 26 +151 63 94138151                                          
67FBABBO 979987830 27 +158 69 90110142158                                       
67FBABBO 979987811 28 +226 56 96136174198213226                                 
67FBABBO 979987830 29 +198 73118152185198                                       
67FBABBO 979987800 30 +227 72116147172196206222227                              
67FBABBO 979987800 31 +231 64 95139172199213226231                              
67FBABBO 979987820 32 +182 58 89126142169182                                    
67FBABBO 979987821 33 +186 60 95134158171186                                    
67FBABBO 979987840 34 +150 51 83127150                                          
67FBABBO 979987830 35 +160 53 99116145160                                       
67FBABBO 979987831 36 +157 51101120149157                                       
67FBABBO 979987840 37 +142 53 85121142                                          
67FBABBO 979987821 38 +183 61107141156178183                                    
67FBABBO 979987841 39 +155 54 94135155                                          
67FBABBO 979987840 40 +148 68111135148                                          
67FBABBO 979987821 41 +193 65106145164188193                                    
67FBABBO 979987821 42 +189 64 98145162181189                                    
67FBABBO 979987820 43 +224 65108158183208224                                    
67FBABBO 979987830 44 +165 49 81114150165                                       
67FBABBO 979987840 45 +180 73108167180                                          
67FBABBO 979987801 46 +223 61113148177193208218223                              
67FBABBO 979987800 47 +200 51 79 99124153167187200                              
67FBABBO 979987811 48 +187 62 97124147159173187                                 
67FBABBO 979987810 49 +223 60 94128165183215223                                 
67FBABBO 979987850 50 +128 70107128                                             
67FBABBO 979987840 51 +143 71 95132143                                          
67FBABBO 979987850 52 +124 62103124                                             
67FBABBO 979987851 53 +137 78119137                                             
67FBABBO 979987840 54 +151 73104130151                                          
67FBABBO 979987849 55 +153 59 99131153                                          
67FBABBO 979987840 56 +163 67103144163                                          
67FBABBO 979987831 57 +154 62110127146154                                       
67FBABBO 979987849 58 +155 68102144155                                          
67FBABBO 979987841 59 +153 67104139153                                          
67FBABBO 979987830 60 +161 55 94114148161                                       
67FBABBO 979987841 61 +165 67108157165                                          
67FBABBO 979987830 62 +170 61 98127158170                                       
67FBABBO 979987820 63 +171 70106128141161171                                    
67FBABBO 979987841 64 +162 63106142162                                          
67FBABBO 979987841 65 +158 63107145158                                          
67FBABBO 979987831 66 +165 63123137160165                                       
67FBABBO 979987840 67 +169 69116149169                                          
67FBABBO 979987820 68 +203 62105144166193203                                    
67FBABBO 979987800 69 +197 67 99118142160177188197                              
67FBABBO 979987811 70 +197 57 86122153170189197                                 
67FBABBO 979987830 71 +173 73127143168173                                       
67FBABBO 979987841 72 +130 60 83114130                                          
67FBABBO 979987830 73 +170 77112129165170                                       
67FBABBO 979987841 74 +153 64 98138153                                          
67FBABBO 979987801 76 +182 60 83106138156164174182                              
67FBABBO 979987841 77 +160 68 95141160                                          
67FBABBO 979987830 78 +165 66106123157165                                       
67FBABBO 979987840 79 +212 74123161212                                          
67FBABBO 979987820 80 +187 61111131153179187                                    
67FBABBO 979987830 81 +174 58102126163174                                       
67FBABBO 979987820 82 +201 59 86129156184201                                    
67FBABBO 979987830 83 +183 54 89125165183                                       
67FBABBO 979987831 84 +177 67117144172177                                       
67FBABBO 979987830 85 +174 64100128161174                                       
67FBABBO 979987831 86 +168 59108134160168                                       
67FBABBO 979987830 87 +207 64104150186207                                       
67FBABBO 979987821 88 +185 62112145161177185                                    
67FBABBO 979987820 90 +189 69 99138153179189                                    
67FBABBO 979987830 91 +165 66103123154165                                       
67FBABBO 979987800 92 +234 66100146177205217227234                              
67FBABBO 979987841 93 +149 59 93133149                                          
67FBABBO 979987800 94 +238 62104152189212223233238                              
67FBABBO 979987820 95 +202 68111149163186202                                    
67FBABBO 979987800 96 +226 67119158181199210221226                              
67FBABBO 979987820 97 +205 53 91149180198205                                    
67FBABBO 979987831 98 +189 72114137178189                                       
67FBABBO 979987830100 +182 65107139169182                                       
67FBABBO 979987820101 +207 58 95136162198207                                    
67FBABBO 979987830102 +171 56 87122158171                                       
67FBABBO 979987791103 +207 51 85127149159190195205207                           
67FBABBO 979987841105 +193 77129175193                                          
67FBABBO 979987820106 +198 72112141160188198                                    
67FBABBO 979987800107 +236 75105137165192210220236                              
67FBABBO 979987850108 +111 61102111                                             
67FBABBO 979987840109 +129 59 89117129                                          
67FBABBO 979987850110 +125 59104125                                             
67FBABBO 979987850111 +139 60112139                                             
67FBABBO 979987841112 +131 58 86121131                                          
67FBABBO 979987841114 +141 66102129141                                          
67FBABBO 979987841115 +136 62 90116136                                          
67FBABBO 979987840116 +159 69109147159                                          
67FBABBO 979987850117 +128 60105128                                             
67FBABBO 979987840118 +155 53 91134155                                          
67FBABBO 979987841119 +145 55 86129145                                          
67FBABBO 979987840121 +164 57101152164                                          
67FBABBO 979987830122 +160 60101128147160                                       
67FBABBO 979987840123 +179 70107153179                                          
67FBABBO 979987841124 +150 68 97136150                                          
67FBABBO 979987831125 +161 71112129152161                                       
67FBABBO 979987841126 +150 69104139150                                          
67FBABBO 979987830127 +162 53 89115150162                                       
67FBABBO 979987830128 +201 72116149184201                                       
67FBABBO 979987820129 +182 58 92127143170182                                    
67FBABBO 979987830130 +178 69120142168178                                       
67FBABBO 979987840131 +159 66 98137159                                          
67FBABBO 979987841132 +156 63108143156                                          
67FBABBO 979987831133 +177 66116136166177                                       
67FBABBO 979987830135 +182 61103137168182                                       
67FBABBO 979987821136 +181 70 95128156167181                                    
67FBABBO 979987810137 +183 64 91117144156174183                                 
67FBABBO 979987830138 +188 62118140172188                                       
67FBABBO 979987840139 +165 55 98150165                                          
67FBABBO 979987821140 +182 61 95147157177182                                    
67FBABBO 979987830141 +167 61 95125153167                                       
67FBABBO 979987831142 +180 65 98137172180                                       
67FBABBO 979987830143 +185 68106148164185                                       
67FBABBO 979987830144 +195 68106145185195                                       
67FBABBO 979987820145 +197 56 98124141179197                                    
67FBABBO 979987830146 +192 55 84127172192                                       
67FBABBO 979987800147 +218 69 97139162185196213218                              
67FBABBO 979987830148 +190 64111145179190                                       
67FBABBO 979987830149 +171 53 84127160171                                       
67FBABBO 979987820150 +197 64 95130153178197                                    
67FBABBO 979987830151 +186 60 99130172186                                       
67FBABBO 979987800152 +235 51 87110137187200223235                              
67FBABBO 979987820153 +224 62101143177209224                                    
67FBABBO 979987830154 +199 67 91128181199                                       
67FBABBO 979987830155 +174 69107131163174                                       
67FBABBO 979987810156 +180 55 85110135154175180                                 
67FBABBO 979987820157 +213 61 96140167200213                                    
67FBABBO 979987830158 +190 58 92143171190                                       
67FBABBO 979987840159 +168 61114152168                                          
67FBABBO 979987830160 +160 67102122147160                                       
67FBABBO 979987850161 +134 63104134                                             
67FBABBO 979987821162 +191 57 86144164183191                                    
67FBABBO 979987831163 +186 61122149168186                                       
67FBABBO 979987820164 +221 59 92141170207221                                    
67FBABBO 979987831165 +182 60106130167182                                       
67FBABBO 979987830166 +212 63108161199212                                       
67FBABBO 979987831167 +151 67 98125143151                                       
67FBABBO 979987840168 +158 58102137158                                          
67FBABBO 979987840169 +172 70121157172                                          
67FBABBO 979987830170 +189 69118145174189                                       
67FBABBO 979987850171 +110 53 92110                                             
67FBABBO 979987851172 +120 69110120                                             
67FBABBO 979987850173 +123 63107123                                             
67FBABBO 979987851174 +120 52 94120                                             
67FBABBO 979987850177 +118 64 91118                                             
67FBABBO 979987850178 +124 52 97124                                             
67FBABBO 979987850179 +129 65103129                                             
67FBABBO 979987850180 +133 67109133                                             
67FBABBO 979987840181 +140 57 90126140                                          
67FBABBO 979987851182 +130 70109130                                             
67FBABBO 979987851183 +125 56102125                                             
67FBABBO 979987841184 +130 57 98121130                                          
67FBABBO 979987840185 +140 81107132140                                          
67FBABBO 979987850186 +125 60109125                                             
67FBABBO 979987840187 +144 53 81130144                                          
67FBABBO 979987810188 +191 65 97131151166185191                                 
67FBABBO 979987840189 +175 64116151175                                          
67FBABBO 979987840190 +162 67100144162                                          
67FBABBO 979987830191 +166 51 81115153166                                       
67FBABBO 979987830192 +165 58 91114149165                                       
67FBABBO 979987841193 +144 59 96136144                                          
67FBABBO 979987841194 +162 57103141162                                          
67FBABBO 979987830195 +192 64118143179192                                       
67FBABBO 979987841196 +159 61102149159                                          
67FBABBO 979987840197 +183 70114161183                                          
67FBABBO 979987830198 +176 65100130165176                                       
67FBABBO 979987840199 +169 73110148169                                          
67FBABBO 979987800200 +220 71108134156180187211220                              
67FBABBO 979987830201 +186 62112135167186                                       
67FBABBO 979987830202 +185 59 99130169185                                       
67FBABBO 979987840203 +160 70100140160                                          
67FBABBO 979987840204 +165 66 98141165                                          
67FBABBO 979987840205 +155 57 84134155                                          
67FBABBO 979987831206 +162 64105133151162                                       
67FBABBO 979987831207 +161 70106128153161                                       
67FBABBO 979987831208 +166 50 82106146166                                       
67FBABBO 979987830209 +175 55105124159175                                       
67FBABBO 979987830210 +178 52 91128163178                                       
67FBABBO 979987820211 +222 64118150177207222                                    
67FBABBO 979987840212 +155 60 98136155                                          
67FBABBO 979987840213 +180 70111160180                                          
67FBABBO 979987840214 +153 68113143153                                          
67FBABBO 979987841215 +133 62 97121133                                          
67FBABBO 979987800216 +216 64 92131156178189205216                              
67FBABBO 979987810217 +216 61 95133162189208216                                 
67FBABBO 979987830218 +173 57101125162173                                       
67FBABBO 979987840219 +162 54 83133162                                          
67FBABBO 979987820220 +157 56 89112133147157                                    
67FBABBO 979987830221 +179 55 97131163179                                       
67FBABBO 979987840222 +168 71103149168                                          
67FBABBO 979987840223 +197 78115169197                                          
67FBABBO 979987830224 +162 60 99125152162                                       
67FBABBO 979987831225 +160 54104134152160                                       
67FBABBO 979987830226 +186 63 93128165186                                       
67FBABBO 979987830227 +174 56105130163174                                       
67FBABBO 979987820228 +192 64 94136153187192                                    
67FBABBO 979987810229 +185 56 90116144158177185                                 
67FBABBO 979987840230 +127 51 85110127                                          
67FBABBO 979987859231 +125 54106125                                             
67FBABBO 979987851232 +122 60103122                                             
67FBABBO 979987840233 +149 51 87119149                                          
67FBABBO 979987840234 +150 72104137150                                          
67FBABBO 979987841235 +139 70 91128139                                          
67FBABBO 979987840236 +147 66102130147                                          
67FBABBO 979987830237 +156 55 92115145156                                       
67FBABBO 979987841238 +157 67100137157                                          
67FBABBO 979987840239 +151 54 96135151                                          
67FBABBO 979987830240 +168 76103128157168                                       
67FBABBO 979987841241 +152 57 97138152                                          
67FBABBO 979987840243 +158 61 97136158                                          
67FBABBO 979987830244 +170 66 98131160170                                       
67FBABBO 979987830245 +172 54 89130161172                                       
67FBABBO 979987831246 +151 73 98122136151                                       
67FBABBO 979987840247 +156 66 89135156                                          
67FBABBO 979987830248 +189 59110130168189                                       
67FBABBO 979987821249 +180 64 95136152172180                                    
67FBABBO 979987830250 +190 57106138175190                                       
67FBABBO 979987830251 +180 71101132161180                                       
67FBABBO 979987841252 +153 76108141153                                          
67FBABBO 979987830253 +210 63119162193210                                       
67FBABBO 979987840254 +173 65110149173                                          
67FBABBO 979987810255 +192 50 85132160173187192                                 
67FBABBO 979987840257 +145 48 88125145                                          
67FBABBO 979987820258 +186 55 93138155178186                                    
67FBABBO 979987810260 +179 64 99122154162176179                                 
67FBABBO 979987831261 +190 60100135177190                                       
67FBABBO 979987830262 +174 60 93124156174                                       
67FBABBO 979987830263 +191 71127150179191                                       
67FBABBO 979987820264 +180 64 99129152169180                                    
67FBABBO 979987821265 +185 70105132150174185                                    
67FBABBO 979987830266 +183 63 98134169183                                       
67FBABBO 979987810267 +185 68100120148159177185                                 
67FBABBO 979987820268 +174 54 93118134166174                                    
67FBABBO 979987830269 +174 53 79117154174                                       
67FBABBO 979987821270 +181 56 97123145173181                                    
67FBABBO 979987820271 +199 65 91130159187199                                    
67FBABBO 979987821272 +157 57 88123137149157                                    
67FBABBO 979987821273 +182 59 87147163179182                                    
67FBABBO 979987820274 +198 50 74124150186198                                    
67FBABBO 979987820275 +202 53107144170197202                                    
67FBABBO 979987821276 +192 55 91134153182192                                    
67FBABBO 979987840277 +150 51 80127150                                          
67FBABBO 979987831278 +172 56105139161172                                       
67FBABBO 979987831279 +193 60 97138171193                                       
67FBABBO 979987830280 +169 52 89121154169                                       
67FBABBO 979987831281 +181 62101135168181                                       
67FBABBO 979987830282 +187 62 96129166187                                       
67FBABBO 979987840283 +155 67 98140155                                          
67FBABBO 979987841284 +159 65 90136159                                          
67FBABBO 979987840285 +151 64 96132151                                          
67FBABBO 979987840286 +166 51 81132166                                          
67FBABBO 979987830287 +171 62108130156171                                       
67FBABBO 979987841288 +156 65 95134156                                          
67FBABBO 979987840290 +154 69 94134154                                          
67FBABBO 979987840291 +159 56105145159                                          
67FBABBO 979987840292 +171 70103152171                                          
67FBABBO 979987830293 +177 67 97132162177                                       
67FBABBO 979987849294 +155 74 99138155                                          
67FBABBO 979987830295 +192 51 87124184192                                       
67FBABBO 979987841296 +154 67 94130154                                          
67FBABBO 979987841297 +150 71112138150                                          
67FBABBO 979987830298 +187 60103138174187                                       
67FBABBO 979987841299 +180 67110160180                                          
67FBABBO 979987840300 +179 50 96149179                                          
67FBABBO 979987840301 +182 57115167182                                          
67FBABBO 979987830302 +192 57108149182192                                       
67FBABBO 979987831303 +189 52104152178189                                       
67FBABBO 979987830304 +205 55110154181205                                       
67FBABBO 979987820305 +210 58 90143169197210                                    
67FBABBO 979987820306 +231 72 94149176215231                                    
67FBABBO 979987800307 +262 72103157192221236252262                              
67FBABBO 979987820308 +211 68111154168197211                                    
67FBABBO 979987820309 +234 63100146185219234                                    
67FBABBO 979987800310 +241 63 93134166196209231241                              
67FBABBO 979987820311 +220 77103152174205220                                    
67FBABBO 979987810312 +221 59 85120159182206221                                 
67FBABBO 979987830313 +186 57 93124157186                                       
67FBABBO 979987820314 +190 55 85108143174190                                    
67FBABBO 979987820315 +221 61 99149178208221                                    
67FBABBO 979987840316 +184 74114164184                                          
67FBABBO 979987820317 +230 76112153186210230                                    
67FBABBO 979987820318 +185 60 95149168178185                                    
67FBABBO 979987820319 +199 69 90125153186199                                    
67FBABBO 979987830320 +179 60 90132169179                                       
67FBABBO 979987830321 +190 62100137177190                                       
67FBABBO 979987820322 +201 56 82107141181201                                    
67FBABBO 979987820323 +233 60 93148186220233                                    
67FBABBO 979987821324 +189 67 95134159182189                                    
67FBABBO 979987830325 +185 65106159173185                                       
67FBABBO 979987841326 +164 63 97143164                                          
67FBABBO 979987830327 +212 68103145198212                                       
67FBABBO 979987820328 +193 77106134155179193                                    
67FBABBO 979987810329 +207 74 99126160180196207                                 
67FBABBO 979987800330 +231 58 90132154188204220231                              
67FBABBO 979987820331 +229 57103154192217229                                    
67FBABBO 979987810332 +207 64101124147164191207                                 
67FBABBO 979987830333 +196 59112151186196                                       
67FBABBO 979987840334 +154 58102141154                                          
67FBABBO 979987830335 +201 68108145184201                                       
67FBABBO 979987820336 +249 73114163194229249                                    
67FBABBO 979987820337 +208 55 96135156188208                                    
67FBABBO 979987831338 +199 52 92129180199                                       
67FBABBO 979987821339 +191 65112154167186191                                    
