67FBABBO0989986820  1 +203 56 93146174203                                       
67FBABBO0989986820  2 +185 57109138158185                                       
67FBABBO0989986820  3 +206 50 86135168206                                       
67FBABBO0989986800  4 +222 61 89113148182201222                                 
67FBABBO0989986831  5 +128 60 89114128                                          
67FBABBO0989986811  6 +176 53 84114148164176                                    
67FBABBO0989986820  7 +217 59108156185217                                       
67FBABBO0989986800  8 +235 69102131158196220235                                 
67FBABBO0989986830 10 +124 53 80105124                                          
67FBABBO0989986801 11 +202 59 88122151171185202                                 
67FBABBO0989986821 12 +200 62104149172200                                       
67FBABBO0989986801 13 +190 67 99137151171179190                                 
67FBABBO0989986830 14 +180 64111149180                                          
67FBABBO0989986820 15 +190 63 89130165190                                       
67FBABBO0989986831 16 +183 58102141183                                          
67FBABBO0989986801 17 +209 65 91124153181195209                                 
67FBABBO0989986820 18 +192 60 94134162192                                       
67FBABBO0989986800 19 +223 60 95136162188203223                                 
67FBABBO0989986791 20 +200 72 97120154170187192200                              
67FBABBO0989986820 21 +165 63 94114140165                                       
67FBABBO0989986811 22 +180 61 91124164172180                                    
67FBABBO0989986821 23 +188 55109151164188                                       
67FBABBO0989986830 24 +188 64122159188                                          
67FBABBO0989986810 25 +226 58105140174202226                                    
67FBABBO0989986790 26 +245 53 99132174197220241245                              
67FBABBO0989986830 27 +160 56 99129160                                          
67FBABBO0989986841 28 +119 53 86119                                             
67FBABBO0989986841 29 +160 59103160                                             
67FBABBO098998683130  +167 51106135167                                          
67FBABBO0989986840 31 +160 59105160                                             
67FBABBO0989986831 32 +174 69116147174                                          
67FBABBO0989986810 33 +207 50 82126172190207                                    
67FBABBO0989986820 34 +193 66108141162193                                       
67FBABBO0989986841 35 +116 68 88116                                             
67FBABBO0989986820 36 +210 60107167193210                                       
67FBABBO0989986821 37 +192 55 85139174192                                       
67FBABBO0989986800 38 +222 70102130157188205222                                 
67FBABBO0989986841 39 +124 64 87124                                             
67FBABBO0989986840 40 +126 64 92126                                             
67FBABBO0989986810 42 +197 62 96126154170197                                    
67FBABBO0989986841 43 +127 55100127                                             
67FBABBO0989986821 44 +185 58 90126154185                                       
67FBABBO0989986801 45 +193 57 91124149171182193                                 
67FBABBO0989986830 46 +182 60118149182                                          
67FBABBO0989986820 47 +203 70 96138166203                                       
67FBABBO0989986840 48 +142 71101142                                             
67FBABBO0989986810 49 +220 61 97139174197220                                    
67FBABBO0989986830 50 +146 62 95124146                                          
67FBABBO0989986800 51 +235 60 91124152193217235                                 
67FBABBO0989986790 52 +208 60 97129148172192199208                              
67FBABBO0989986841 53 +124 64 99124                                             
67FBABBO0989986830 54 +188 52114158188                                          
67FBABBO0989986821 55 +157 57 88123137157                                       
67FBABBO0989986820 56 +203 56 93145174203                                       
67FBABBO0989986820 57 +174 67103124162174                                       
67FBABBO0989986830 59 +191 57112147191                                          
67FBABBO0989986830 60 +156 59 92126156                                          
67FBABBO0989986801 61 +214 56 85122158183197214                                 
67FBABBO0989986810 63 +236 58 90128174204236                                    
67FBABBO0989986830 64 +200 67114163200                                          
67FBABBO0989986841 65 +134 65 96134                                             
67FBABBO0989986840 66 +127 56 89127                                             
67FBABBO0989986840 67 +178 68126178                                             
67FBABBO0989986820 68 +187 65 93130160187                                       
67FBABBO0989986831 69 +171 61 97139171                                          
67FBABBO0989986841 70 +130 70 98130                                             
67FBABBO0989986830 71 +185 73107146185                                          
67FBABBO0989986840 72 +120 63 95120                                             
67FBABBO0989986800 74 +225 51 79121153177197225                                 
67FBABBO0989986800 75 +239 71100141168194217239                                 
67FBABBO0989986830 76 +182 65123166182                                          
67FBABBO0989986820 77 +184 67100139155184                                       
67FBABBO0989986830 78 +188 69102156188                                          
67FBABBO0989986801 79 +231 57 95147180205215231                                 
67FBABBO0989986821 80 +175 57 92131152175                                       
67FBABBO0989986840 81 +162 70107162                                             
67FBABBO0989986840 82 +150 58100150                                             
67FBABBO0989986830 83 +169 69111139169                                          
67FBABBO0989986820 84 +188 62 94136158188                                       
67FBABBO0989986820 85 +174 64117134145174                                       
67FBABBO0989986831 86 +172 72111156172                                          
67FBABBO0989986841 88 +117 64 84117                                             
67FBABBO0989986831 89 +142 64 98119142                                          
67FBABBO0989986841 90 +130 68 99130                                             
67FBABBO0989986841 91 +123 62 93123                                             
67FBABBO0989986840 92 +124 63 85124                                             
67FBABBO0989986831 94 +198 48115162198                                          
67FBABBO0989986810 95 +220 61103158168197220                                    
67FBABBO0989986831 96 +183 66 94151183                                          
67FBABBO0989986820 97 +223 70107158196223                                       
67FBABBO0989986811 98 +218 66111151181197218                                    
67FBABBO0989986820100 +219 62104142175219                                       
67FBABBO0989986820101 +180 59 91127149180                                       
67FBABBO0989986820102 +222 45 99150182222                                       
67FBABBO0989986830103 +200 73135166200                                          
67FBABBO0989986820104 +196 60 93135165196                                       
67FBABBO0989986830105 +182 51106146182                                          
67FBABBO0989986801106 +193 60 97122149170181193                                 
67FBABBO0989986820107 +197 68 96142175197                                       
67FBABBO0989986820108 +200 70102142166200                                       
67FBABBO0989986810109 +197 70116142170181197                                    
67FBABBO0989986820110 +203 72106141173203                                       
67FBABBO0989986820111 +176 64 90122156176                                       
67FBABBO0989986810112 +192 58 92129157172192                                    
67FBABBO0989986821113 +176 53 80129153176                                       
67FBABBO0989986830114 +166 48 75122166                                          
67FBABBO0989986841115 +159 77118159                                             
67FBABBO0989986840116 +155 73125155                                             
67FBABBO0989986830117 +155 57107144155                                          
67FBABBO0989986840118 +132 54 98132                                             
67FBABBO0989986840119 +126 80101126                                             
67FBABBO0989986841120 +124 68 87124                                             
67FBABBO0989986840122 +116 55 76116                                             
67FBABBO0989986841123 +121 68 92121                                             
67FBABBO0989986840124 +128 69 93128                                             
67FBABBO0989986840125 +122 72 95122                                             
67FBABBO0989986840126 +123 65 90123                                             
67FBABBO0989986840128 +126 73101126                                             
67FBABBO0989986841129 +120 59 90120                                             
67FBABBO0989986840130 +121 68 86121                                             
67FBABBO0989986841131 +122 60 90122                                             
67FBABBO0989986841132 +123 52 86123                                             
67FBABBO0989986840133 +128 70 94128                                             
67FBABBO0989986840134 +125 63 92125                                             
67FBABBO0989986840135 +121 68 89121                                             
67FBABBO0989986841136 +125 67 95125                                             
67FBABBO0989986830137 +178 54 98131178                                          
67FBABBO0989986840138 +125 69 92125                                             
67FBABBO0989986831140 +179 63121148179                                          
67FBABBO0989986831141 +174 77123152174                                          
67FBABBO0989986841142 +128 61 91128                                             
67FBABBO0989986831144 +150 63 91117150                                          
67FBABBO0989986840145 +145 70102145                                             
67FBABBO0989986831146 +185 51102146185                                          
67FBABBO0989986841147 +121 65 85121                                             
67FBABBO0989986820148 +176 51 86128148176                                       
67FBABBO0989986841149 +121 68 97121                                             
67FBABBO0989986811150 +175 56 78102134153175                                    
67FBABBO0989986840151 +146 66103146                                             
67FBABBO0989986841153 +117 63 89117                                             
67FBABBO0989986840154 +121 68 95121                                             
67FBABBO0989986831155 +155 53 91116155                                          
67FBABBO0989986840156 +131 64 89131                                             
67FBABBO0989986841157 +118 48 87118                                             
67FBABBO0989986841158 +126 65 88126                                             
67FBABBO0989986840159 +125 64 95125                                             
67FBABBO0989986831160 +122 61 85108122                                          
67FBABBO0989986841161 +124 71 95124                                             
67FBABBO0989986841162 +115 70 94115                                             
67FBABBO0989986841163 +121 54 90121                                             
67FBABBO0989986831164 +185 59110144185                                          
67FBABBO0989986841165 +124 67 93124                                             
67FBABBO0989986841166 +141 67103141                                             
67FBABBO0989986841167 +113 48 76113                                             
67FBABBO0989986840168 +106 51 74106                                             
67FBABBO0989986840169 +124 62 91124                                             
67FBABBO0989986841170 +116 49 81116                                             
67FBABBO0989986849171 +125 66 93125                                             
67FBABBO0989986841172 +110 55 80110                                             
67FBABBO0989986841173 +109 49 86109                                             
67FBABBO0989986841174 +121 68 89121                                             
67FBABBO0989986830175 +139 55 85109139                                          
67FBABBO0989986820176 +195 59 88121165195                                       
67FBABBO0989986810177 +220 49 80115154186220                                    
67FBABBO0989986821178 +167 54 95136146167                                       
67FBABBO0989986820180 +215 69107152187215                                       
67FBABBO0989986830181 +165 60109133165                                          
67FBABBO0989986811182 +197 55 78106145173197                                    
67FBABBO0989986830183 +150 63 95118150                                          
67FBABBO0989986791184 +210 68102126169180196202210                              
67FBABBO0989986820185 +224 69110172202224                                       
67FBABBO0989986820186 +165 50 85121142165                                       
67FBABBO0989986840187 +144 61100144                                             
67FBABBO0989986801188 +186 51 84104134160171186                                 
67FBABBO0989986830189 +163 62 96130163                                          
67FBABBO0989986830190 +159 61 99135159                                          
67FBABBO0989986820191 +168 51 87128150168                                       
67FBABBO0989986831193 +170 57106139170                                          
67FBABBO0989986830194 +176 53 90143176                                          
67FBABBO0989986841195 +146 58105146                                             
67FBABBO0989986840196 +141 65101141                                             
67FBABBO0989986849197 +146 67107146                                             
67FBABBO0989986840198 +145 62 97145                                             
67FBABBO0989986840199 +130 62 96130                                             
67FBABBO0989986831200 +151 68 95121151                                          
67FBABBO0989986849201 +121 54 84121                                             
67FBABBO0989986800202 +210 69103126154181197210                                 
67FBABBO0989986821203 +159 60 98134152159                                       
67FBABBO0989986830205 +165 70119138165                                          
67FBABBO0989986841206 +129 57101129                                             
67FBABBO0989986830207 +160 66 98128160                                          
67FBABBO0989986830208 +182 67108157182                                          
67FBABBO0989986821209 +200 69 98138172200                                       
67FBABBO0989986840210 +163 69118163                                             
67FBABBO0989986841211 +132 50 91132                                             
67FBABBO0989986820212 +178 52 79125150178                                       
67FBABBO0989986831213 +151 54 99124151                                          
67FBABBO0989986841214 +135 65102135                                             
67FBABBO0989986811215 +170 60 91115145158170                                    
67FBABBO0989986840216 +125 63 96125                                             
67FBABBO0989986840218 +145 65100145                                             
67FBABBO0989986810219 +225 58106141178209225                                    
67FBABBO0989986820220 +175 61 96126150175                                       
67FBABBO0989986830221 +162 65101124162                                          
67FBABBO0989986821222 +170 59 95135154170                                       
67FBABBO0989986841223 +137 56 94137                                             
67FBABBO0989986821224 +162 65107126139162                                       
67FBABBO0989986831225 +120 50 84110120                                          
67FBABBO0989986840226 +125 62 84125                                             
67FBABBO0989986840228 +131 61 89131                                             
67FBABBO0989986841229 +134 68 91134                                             
67FBABBO0989986841230 +124 64 89124                                             
67FBABBO0989986841231 +123 62 88123                                             
67FBABBO0989986841232 +123 59 89123                                             
67FBABBO0989986840233 +118 56 83118                                             
67FBABBO0989986841234 +115 53 90115                                             
67FBABBO0989986840235 +127 67 90127                                             
67FBABBO0989986840236 +122 55 79122                                             
67FBABBO0989986840237 +124 54 85124                                             
67FBABBO0989986841239 +114 66 83114                                             
67FBABBO0989986840240 +122 54 77122                                             
67FBABBO0989986849241 +121 60 89121                                             
67FBABBO0989986841242 +118 48 90118                                             
67FBABBO0989986841243 +122 67 92122                                             
67FBABBO0989986841244 +113 54 82113                                             
67FBABBO0989986840245 +118 64 89118                                             
67FBABBO0989986849246 +120 60 92120                                             
67FBABBO0989986841247 +122 57 92122                                             
67FBABBO0989986849248 +123 60 87123                                             
