57FBABBO09   78760002 +132 76100                                                
57FBABBO09   78730003 +202 52 79128167182                                       
57FBABBO09   78740004 +181 57105137162                                          
57FBABBO09   78750005 +189 59 99145                                             
57FBABBO09   78750006 +122 51 79 99                                             
57FBABBO09   78760007 +127 49 95                                                
57FBABBO09   78760008 +115 49 95                                                
57FBABBO09   78730009 +200 62118147174194                                       
57FBABBO09   78760010 +120 52102                                                
57FBABBO09   78760011 +119 54 99                                                
57FBABBO09   78730012 +177 60101127148164                                       
57FBABBO09   78730013 +185 69119142162176                                       
57FBABBO09   78730014 +187 67115144165179                                       
57FBABBO09   78760015 +128 73111                                                
57FBABBO09   78730016 +210 71121146180204                                       
57FBABBO09   78760017 +120 55111                                                
57FBABBO09   78730018 +180 67115138156175                                       
57FBABBO09   78760019 +135 60114                                                
57FBABBO09   78730020 +185 62115138166181                                       
57FBABBO09   78750021 +156 69121146                                             
57FBABBO09   78740022 +158 60118139155                                          
57FBABBO09   78740023 +145 59 95125136                                          
57FBABBO09   78760024 +122 68105                                                
57FBABBO09   78740025 +177 69131155171                                          
57FBABBO09   78760026 +116 54 97                                                
57FBABBO09   78730027 +184 65119162174178                                       
57FBABBO09   78730028 +193 60 96153177184                                       
57FBABBO09   78730029 +178 62107151168175                                       
57FBABBO09   78740030 +181 68117151168                                          
57FBABBO09   78740031 +170 66124151167                                          
57FBABBO09   78730032 +180 65114137163177                                       
57FBABBO09   78750033 +170 62108157                                             
57FBABBO09   78750034 +172 66120160                                             
57FBABBO09   78730036 +202 70118146176194                                       
57FBABBO09   78730037 +162 62106139152157                                       
57FBABBO09   78750038 +157 64113146                                             
57FBABBO09   78730039 +195 69117139169189                                       
57FBABBO09   78730040 +178 64115141159171                                       
57FBABBO09   78730042 +168 59 91139156165                                       
57FBABBO09   78740043 +157 55 90121153                                          
57FBABBO09   78730044 +192 66126151183189                                       
57FBABBO09   78730045 +180 68123146169177                                       
57FBABBO09   78730047 +162 66 97126145155                                       
57FBABBO09   78730048 +172 57101139156163                                       
57FBABBO09   78740049 +162 58108145159                                          
57FBABBO09   78730050 +166 62108142156163                                       
57FBABBO09   78730051 +164 63 92123147154                                       
57FBABBO09   78740052 +171 69102146165                                          
57FBABBO09   78740053 +164 62107148161                                          
57FBABBO09   78740054 +170 62101146160                                          
57FBABBO09   78740055 +165 65105136162                                          
57FBABBO09   78740056 +164 59120147159                                          
57FBABBO09   78740057 +158 68100134153                                          
57FBABBO09   78730058 +179 70101140163176                                       
57FBABBO09   78740059 +163 67 98128153                                          
57FBABBO09   78740060 +170 67119152167                                          
57FBABBO09   78740061 +171 63101143166                                          
57FBABBO09   78730062 +179 66113149165176                                       
57FBABBO09   78730063 +166 63107136153162                                       
57FBABBO09   78730064 +170 65117141159166                                       
57FBABBO09   78740066 +179 74121142176                                          
57FBABBO09   78730067 +175 69126148165172                                       
57FBABBO09   78740068 +160 54 87132157                                          
57FBABBO09   78740069 +164 59 95140162                                          
57FBABBO09   78730070 +168 68107143152162                                       
57FBABBO09   78740071 +183 71125159176                                          
57FBABBO09   78730072 +170 67 98138155165                                       
57FBABBO09   78730073 +193 72 93145176190                                       
57FBABBO09   78740075 +167 67123137162                                          
57FBABBO09   78740076 +165 60122139154                                          
57FBABBO09   78740077 +174 57116153163                                          
57FBABBO09   78730078 +196 70116139169190                                       
57FBABBO09   78720079 +193 72117152168182190                                    
57FBABBO09   78720080 +183 69121144159170177                                    
57FBABBO09   78740081 +170 69112131156                                          
57FBABBO09   78740082 +187 70128165183                                          
57FBABBO09   78740083 +170 61104141165                                          
57FBABBO09   78720084 +170 55 85121144160167                                    
57FBABBO09   78740085 +175 61109163172                                          
57FBABBO09   78730087 +185 66123145172182                                       
57FBABBO09   78740088 +167 62111148163                                          
57FBABBO09   78730089 +172 53107142162169                                       
57FBABBO09   78730090 +180 67128149165176                                       
57FBABBO09   78740091 +161 63108139157                                          
57FBABBO09   78730092 +166 59107144156163                                       
