57FBABBO09  380750002 +155 61 83112133152                                       
57FBABBO09  380760003 +160 66113136158                                          
57FBABBO09  380750004 +170 67 91116148167                                       
57FBABBO09  380750005  155 69 91114147155                                       
57FBABBO09  380760006 +160 65114136158                                          
57FBABBO09  380750007 +175 70 95132159172                                       
57FBABBO09  380760008 +160 52 90116157                                          
57FBABBO09  380760009 +160 51 83108154                                          
57FBABBO09  380750010 +170 67 98130152166                                       
57FBABBO09  380740011 +180 63 99137157165178                                    
57FBABBO09  380760012 +185 69103138175                                          
57FBABBO09  380730013 +195 65102129150172184194                                 
57FBABBO09  380720014  220 61 90112142177190212220                              
57FBABBO09  380760029  155 68 94128155                                          
57FBABBO09  380751030  185 70100126157185                                       
57FBABBO09  380720031  215 68110139177187194200215                              
57FBABBO09  380730032  215 78129151176191201215                                 
57FBABBO09  380730033 +210 68 91132146163183208                                 
57FBABBO09  380740034 +175 66102125144159173                                    
57FBABBO09  380730035 +205 62110148164174190203                                 
57FBABBO09  380730036 +190 75108144157164179189                                 
57FBABBO09  380760037 +160 65 99124157                                          
57FBABBO09  380760038  150 62102126150                                          
57FBABBO09  380760039  150 50 77126150                                          
57FBABBO09  380750040  150 55 91116133150                                       
57FBABBO09  380760041 +150 59 85119145                                          
57FBABBO09  380730042  175 67 99126147158165175                                 
57FBABBO09  380750015  200 66110147188200                                       
57FBABBO09  380740016 +190 55101145163174189                                    
57FBABBO09  380750017 +190 57 94119149182                                       
57FBABBO09  380750018 +195 75118159182192                                       
57FBABBO09  380770019 +150 60 96143                                             
57FBABBO09  380730020  240 66108156178193218240                                 
57FBABBO09  380720021  220 59 88114143175190205220                              
57FBABBO09  380730022  225 56107149168195209225                                 
57FBABBO09  380740023  185 73117139157174185                                    
57FBABBO09  380750024 +190 57 95133164189                                       
57FBABBO09  380720025  225 72126164186193198208225                              
57FBABBO09  380750026 +180 61 90111141178                                       
57FBABBO09  380760027  190 65104159190                                          
57FBABBO09  380730028  195 78119148160168180195                                 
57FBABBO09  380720043 +195 60 91114147164173183192                              
57FBABBO09  380720044 +205 70123145161173177184204                              
57FBABBO09  380740045 +195 62 95126140168192                                    
57FBABBO09  380740046 +200 61 97136156182199                                    
57FBABBO09  380750047 +180 69108129155179                                       
57FBABBO09  380730048 +210 60103147161177188208                                 
57FBABBO09  380751049 +175 54 90117149173                                       
57FBABBO09  380710050  190 64 93118142167174180186190                           
57FBABBO09  380731051  190 54 90131150160179190                                 
57FBABBO09  380740052  185 55108152163173185                                    
57FBABBO09  380730053 +230 70115169181188207228                                 
57FBABBO09  380750054 +180 65 95117150179                                       
57FBABBO09  380730055 +180 65109131144152162173                                 
57FBABBO09  380740056 +190 63102134155169187                                    
57FBABBO09  380740057 +190 71118138149162188                                    
57FBABBO09  380750058 +160 61 88119142159                                       
57FBABBO09  380750059 +155 55 91122145152                                       
57FBABBO09  380750060 +175 64 95115144172                                       
57FBABBO09  380760061 +175 60 83134172                                          
57FBABBO09  380761062 +160 58 96125157                                          
57FBABBO09  380760063 +155 61103121152                                          
57FBABBO09  380760064 +160 65109130159                                          
57FBABBO09  380730065  170 68 96128144150160170                                 
57FBABBO09  380760066 +160 64116139157                                          
57FBABBO09  380760067 +155 61 91127152                                          
57FBABBO09  380750068  180 77112132161180                                       
57FBABBO09  380760069  155 67101139155                                          
57FBABBO09  380750070 +160 60 95115140158                                       
57FBABBO09  380760071 +160 63108134158                                          
57FBABBO09  380760072 +160 69112132156                                          
57FBABBO09  380760073 +150 56 86115144                                          
57FBABBO09  380760074 +150 55 95128148                                          
57FBABBO09  380750076 +175 71102132164174                                       
57FBABBO09  380760077 +155 66108136152                                          
57FBABBO09  380750078 +170 75107127146167                                       
57FBABBO09  380760079 +160 65 99124156                                          
57FBABBO09  380751081 +155 56 86105131154                                       
57FBABBO09  380750082  155 55 76120136155                                       
57FBABBO09  380770083 +140 67107139                                             
57FBABBO09  380760084 +150 63 98126149                                          
57FBABBO09  380770085  115 56 86115                                             
57FBABBO09  380770086 +140 71102137                                             
57FBABBO09  380750088 +175 78106124148174                                       
57FBABBO09  380770089 +125 46 80119                                             
57FBABBO09  380740090 +190 62112157167180188                                    
57FBABBO09  380770091 +115 61 92114                                             
57FBABBO09  380780092 +115 73113                                                
57FBABBO09  380780093 +110 64107                                                
57FBABBO09  380770094  120 51 92120                                             
57FBABBO09  380780095 +120 61110                                                
57FBABBO09  380730096 +230 66 95144163190204227                                 
57FBABBO09  380730097 +190 62102142160170174187                                 
57FBABBO09  380750098 +190 72 96119152182                                       
57FBABBO09  380730099 +230 71109156174185199226                                 
57FBABBO09  380750100 +195 68116144169193                                       
57FBABBO09  380750101 +180 59104144161174                                       
57FBABBO09  380730102 +200 74114137157172189198                                 
57FBABBO09  380740103 +190 67107150162167184                                    
57FBABBO09  380740104 +200 68125146171190199                                    
57FBABBO09  380730105 +195 60108141165176183188                                 
57FBABBO09  380730106 +200 71 99134155177189196                                 
57FBABBO09  380750107 +180 67109131146172                                       
57FBABBO09  380730108  185 75118145156164175185                                 
57FBABBO09  380760109 +180 66103138177                                          
57FBABBO09  380730110 +180 80109137153162169177                                 
57FBABBO09  380760111 +155 54 84126152                                          
57FBABBO09  380760112 +170 53 91130165                                          
57FBABBO09  380760113 +165 62 83115156                                          
57FBABBO09  380750114 +180 60 89109134171                                       
57FBABBO09  380750115 +190 64 99121154181                                       
57FBABBO09  380760116 +175 69 97135167                                          
57FBABBO09  380710117 +220 65 94120156174184196204216                           
57FBABBO09  380730118 +195 74109138152162175192                                 
57FBABBO09  380720119 +200 70 97124139156165177196                              
57FBABBO09  380730120 +195 74110147165176183193                                 
57FBABBO09  380731121 +195 70114145164170177192                                 
57FBABBO09  380750123 +185 59108137169181                                       
57FBABBO09  380730124 +190 76116153160167176188                                 
57FBABBO09  380750125 +175 64 98130149170                                       
57FBABBO09  380730126 +180 62 99131156164170177                                 
57FBABBO09  380750127 +165 58101129144160                                       
57FBABBO09  380760128 +170 54 77121163                                          
57FBABBO09  380760129 +195 64 95138182                                          
57FBABBO09  380760130 +170 58 89133165                                          
57FBABBO09  380760131 +170 66118139161                                          
57FBABBO09  380760132 +165 54 83125157                                          
57FBABBO09  380770133 +130 59 93123                                             
57FBABBO09  380730134 +195 55 98132148166180191                                 
57FBABBO09  380730135 +210 78118156170172183204                                 
57FBABBO09  380750138 +190 57 89143167182                                       
57FBABBO09  380730139 +185 60 98139155163171182                                 
57FBABBO09  380730140 +190 74111143160168180187                                 
57FBABBO09  380740141 +205 65116144156179198                                    
57FBABBO09  380730142 +195 75127158171176183193                                 
57FBABBO09  380730143 +215 74114152172183199213                                 
57FBABBO09  380730144 +215 68106133156170192206                                 
57FBABBO09  380750145 +190 70100139157185                                       
57FBABBO09  380740146 +195 67106127142157189                                    
57FBABBO09  380730147 +200 69109139156164178197                                 
57FBABBO09  380740148 +200 61 94147163182199                                    
57FBABBO09  380740149 +210 68112140156182207                                    
57FBABBO09  380750150 +195 69110140168189                                       
57FBABBO09  380720151 +210 77121149160174188199208                              
57FBABBO09  380730152 +215 64110150169189204214                                 
57FBABBO09  380720153 +200 60 98143154171188193199                              
57FBABBO09  380751154 +190 64101125157185                                       
57FBABBO09  380740155  240 70122176200223240                                    
57FBABBO09  380750156 +195 61104125148188                                       
57FBABBO09  380740157 +195 69107135150163190                                    
57FBABBO09  380740158 +185 68107128157169181                                    
57FBABBO09  380760159 +160 61105136157                                          
57FBABBO09  380730160  185 57103145154162177185                                 
57FBABBO09  380730161  190 55 80116139167182190                                 
57FBABBO09  380750162 +190 59101121149183                                       
57FBABBO09  380740163 +175 71111135152159170                                    
57FBABBO09  380760164 +160 50 80120155                                          
57FBABBO09  380760165 +155 52 81112149                                          
57FBABBO09  380750166 +160 51 80104132152                                       
57FBABBO09  380760167 +180 59 95131170                                          
57FBABBO09  380750168 +180 71112131150174                                       
57FBABBO09  380750169 +175 64 92119142171                                       
57FBABBO09  380720170 +175 53 80107138151158164171                              
57FBABBO09  380740171 +190 67121144161174186                                    
57FBABBO09  380740172 +175 61 97133148159172                                    
57FBABBO09  380780173 +120 63107                                                
57FBABBO09  380760174 +170 62110135163                                          
57FBABBO09  380730175 +180 67107141154160167177                                 
57FBABBO09  380740176 +190 69112135143161180                                    
57FBABBO09  380760178 +175 67112133166                                          
57FBABBO09  380730179 +190 73125145160164176185                                 
57FBABBO09  380770180 +160 71116151                                             
57FBABBO09  380750181 +175 54 82116139166                                       
57FBABBO09  380760182 +160 68111134150                                          
57FBABBO09  380730183 +185 51 98128147158167178                                 
57FBABBO09  380730184 +190 65 91125159169178187                                 
57FBABBO09  380740185 +175 58108127138151172                                    
57FBABBO09  380760186 +160 69111132153                                          
57FBABBO09  380750187 +185 60 98125150176                                       
57FBABBO09  380760188 +175 63 96137169                                          
57FBABBO09  380750190 +170 56 96123142163                                       
57FBABBO09  380730191 +205 54 91124151171186197                                 
57FBABBO09  380760192 +170 71111139163                                          
57FBABBO09  380740193 +180 55 91123138156176                                    
57FBABBO09  380740194 +190 58 85123142165184                                    
57FBABBO09  380730195 +215 62 98123136156176204                                 
57FBABBO09  380760196 +165 64101133161                                          
57FBABBO09  380750198 +195 61110155167187                                       
57FBABBO09  380770199 +150 51 94136                                             
57FBABBO09  380740200 +180 60 89109134160174                                    
57FBABBO09  380750201 +180 67112139157177                                       
57FBABBO09  380761202 +155 60 88107144                                          
57FBABBO09  380760203 +210 66115157202                                          
57FBABBO09  380750204 +205 73110145170197                                       
57FBABBO09  380740205 +190 52 94113136163180                                    
57FBABBO09  380750206 +180 60 84114142172                                       
57FBABBO09  380740207 +185 53 89125137149177                                    
57FBABBO09  380760208 +185 70112146180                                          
57FBABBO09  380750209 +220 64 99134170209                                       
57FBABBO09  380730210 +200 59106154169175183197                                 
57FBABBO09  380740211 +195 59100129158177192                                    
57FBABBO09  380740213 +215 79119155177192209                                    
57FBABBO09  380760214 +165 68 98136160                                          
57FBABBO09  380741215 +190 68110135151174187                                    
57FBABBO09  380720216 +190 56 81114139164177181188                              
57FBABBO09  380740217 +210 66118144171194207                                    
57FBABBO09  380730218 +210 79128158179189195203                                 
57FBABBO09  380740219 +190 62110147167181188                                    
57FBABBO09  380730220 +210 60 87134154180200208                                 
57FBABBO09  380750221 +195 67 96128161181                                       
57FBABBO09  380750222 +180 56 97140157177                                       
57FBABBO09  380740223 +215 51 82126153185210                                    
57FBABBO09  380730224 +195 56 82113145165182194                                 
57FBABBO09  380750225 +165 60 98119141162                                       
