57FBABBO09   77720001 +193 53118136171187                                       
57FBABBO09   77730002 +185 52109149181                                          
57FBABBO09   77730003 +175 68102132171                                          
57FBABBO09   77720004 +186 64116143170181                                       
57FBABBO09   77720005 +206 66110142165190                                       
57FBABBO09   77720006 +206 75128157189203                                       
57FBABBO09   77720007 +182 54 97143157170                                       
57FBABBO09   77730008 +170 67114145163                                          
57FBABBO09   77720009 +171 56 80112147165                                       
57FBABBO09   77720010 +185 56 89125163182                                       
57FBABBO09   77720011  175 75110129161175                                       
57FBABBO09   77720013 +185 51 98142160176                                       
57FBABBO09   77720014 +186 48 83130163177                                       
57FBABBO09   77720015 +194 61122148178191                                       
57FBABBO09   77700016  225 69102127151172208225                                 
57FBABBO09   77730017 +174 57121145164                                          
57FBABBO09   77740018 +145 70113135                                             
57FBABBO09   77730019 +182 64106150177                                          
57FBABBO09   77720020 +176 55115150161171                                       
57FBABBO09   77730021 +175 60126155169                                          
57FBABBO09   77700022 +210 59107131147163178207                                 
57FBABBO09   77730023 +167 66 92144162                                          
57FBABBO09   77730024 +174 63114148167                                          
57FBABBO09   77740025 +174 62125166                                             
57FBABBO09   77730027 +173 61 97136158                                          
57FBABBO09   77710028 +220 59119164182203216                                    
57FBABBO09   77720029 +218 67120163190208                                       
57FBABBO09   77730030 +164 72115147155                                          
57FBABBO09   77720031 +195 69128152175188                                       
57FBABBO09   77700032  222 67122156191203216222                                 
57FBABBO09   77730033 +158 54119143154                                          
57FBABBO09   77710034  237 68122158197221237                                    
57FBABBO09   77720035  165 63107129154165                                       
57FBABBO09   77740036 +161 73114151                                             
57FBABBO09   77730037 +179 64120142170                                          
57FBABBO09   77730040 +152 64103133150                                          
57FBABBO09   77730041 +162 69114146157                                          
57FBABBO09   77720042 +201 63121157182192                                       
57FBABBO09   77720043 +175 54101127156172                                       
57FBABBO09   77710044 +228 51 81149176206219                                    
57FBABBO09   77730045 +152 61 96132149                                          
57FBABBO09   77720046 +181 58106134149176                                       
57FBABBO09   77730047 +173 59126162170                                          
57FBABBO09   77720048 +185 60124151172182                                       
57FBABBO09   77740049 +154 71124146                                             
57FBABBO09   77720050 +182 67116136166174                                       
57FBABBO09   77720051 +215 60105134182205                                       
57FBABBO09   77740052 +138 51111133                                             
57FBABBO09   77710053 +213 56 92136160189207                                    
57FBABBO09   77730054 +157 68123145152                                          
57FBABBO09   77730055 +170 73120142162                                          
57FBABBO09   77720056 +178 68113134162175                                       
57FBABBO09   77700057 +231 55102145173203216228                                 
57FBABBO09   77690058 +237 73112145157171190219226                              
57FBABBO09   77720060 +198 67117145179194                                       
57FBABBO09   77700059 +217 61 98138168198205213                                 
57FBABBO09   77720061 +195 70125147178191                                       
57FBABBO09   77730062 +167 63 97141154                                          
57FBABBO09   77720063 +183 56116152173180                                       
57FBABBO09   77730064 +195 71110143181                                          
57FBABBO09   77700065 +216 61 90126172189201212                                 
57FBABBO09   77710066 +230 75129175195215226                                    
57FBABBO09   77710067 +201 71114151168187199                                    
57FBABBO09   77720068 +191 63122144169188                                       
57FBABBO09   77730069 +198 61 95156180                                          
57FBABBO09   77700070 +197 74100137156179188194                                 
57FBABBO09   77710071 +177 70102139153169175                                    
57FBABBO09   77730072 +178 66107150168                                          
57FBABBO09   77720073 +206 64 93134174196                                       
57FBABBO09   77720074 +220 77128152189218                                       
57FBABBO09   77720075 +168 57 95119130166                                       
57FBABBO09   77730076 +175 64114155172                                          
57FBABBO09   77730077 +160 69110128150                                          
57FBABBO09   77730078 +151 52 85128147                                          
57FBABBO09   77710079 +183 55 80106157168178                                    
57FBABBO09   77720080 +180 71109138165178                                       
57FBABBO09   77730081 +157 59111141154                                          
57FBABBO09   77720082 +205 57124150182202                                       
57FBABBO09   77720083 +165 53 99120149162                                       
57FBABBO09   77720085 +166 62122142153164                                       
57FBABBO09   77720084 +209 63 89153184202                                       
57FBABBO09   77730086 +190 67118163187                                          
57FBABBO09   77720087 +183 47 94132159179                                       
57FBABBO09   77700088 +235 60 93128155194215232                                 
57FBABBO09   77730089 +165 51 91139158                                          
57FBABBO09   77750090 +120 59107                                                
57FBABBO09   77730091 +157 73111140154                                          
57FBABBO09   77730092 +160 65110139155                                          
57FBABBO09   77720093 +188 67130151167185                                       
57FBABBO09   77700094 +210 61 90117149190199207                                 
57FBABBO09   77720095 +195 73114144180192                                       
57FBABBO09   77730096 +173 67113148163                                          
57FBABBO09   77720097 +185 64105137162180                                       
57FBABBO09   77720098  203 59110162186203                                       
57FBABBO09   77720099  198 56126152184198                                       
57FBABBO09   77720100 +180 67 99128156176                                       
57FBABBO09   77720101 +190 54117144175187                                       
57FBABBO09   77720102 +182 61107130162175                                       
57FBABBO09   77720103 +192 55123152173189                                       
57FBABBO09   77730105 +168 61 95142163                                          
57FBABBO09   77710106 +210 53 88121154197206                                    
57FBABBO09   77730107 +170 66119149161                                          
57FBABBO09   77750108 +120 72110                                                
57FBABBO09   77710109 +205 58 99149167190202                                    
57FBABBO09   77720110 +186 56 90133170183                                       
57FBABBO09   77690111 +226 58 84114148176193214223                              
57FBABBO09   77710112 +214 54110165184204211                                    
57FBABBO09   77730113 +178 66127147169                                          
57FBABBO09   77700114 +234 58 93119164184207228                                 
57FBABBO09   77690115  232 69106132171198211222232                              
57FBABBO09   77700116 +225 74110150164179193214                                 
57FBABBO09   77730118 +169 60108137163                                          
57FBABBO09   77720119 +165 56116139151162                                       
57FBABBO09   77710120 +242 54 85139169203233                                    
57FBABBO09   77740121 +129 63106126                                             
57FBABBO09   77700122 +241 68101126155186221238                                 
57FBABBO09   77720123 +176 59109130158171                                       
57FBABBO09   77720124 +193 65100157170188                                       
57FBABBO09   77730125 +185 66116145175                                          
57FBABBO09   77710126 +230 62116140168211226                                    
57FBABBO09   77730127 +154 50 82128145                                          
57FBABBO09   77720128 +177 67118137163172                                       
57FBABBO09   77730129 +155 63100133149                                          
57FBABBO09   77710130 +185 64 95124142168182                                    
57FBABBO09   77700131 +222 63101137176192206218                                 
57FBABBO09   77720132 +166 65115133149159                                       
57FBABBO09   77700133 +240 75108173186202223235                                 
57FBABBO09   77720134 +186 64103155163176                                       
57FBABBO09   77720135 +180 60124145166177                                       
57FBABBO09   77700136  236 62 97136175192220236                                 
57FBABBO09   77690137 +203 52 91117139173187194199                              
57FBABBO09   77730138 +171 59112160168                                          
57FBABBO09   77720139 +175 52 80117141163                                       
57FBABBO09   77710140 +192 71 98122165182189                                    
57FBABBO09   77720141 +187 64120139168177                                       
57FBABBO09   77720142 +180 65126149165177                                       
57FBABBO09   77730143 +162 51 99147159                                          
57FBABBO09   77720144 +192 63115137167189                                       
57FBABBO09   77720145 +195 60119139170187                                       
57FBABBO09   77710146 +205 76122149183191201                                    
57FBABBO09   77710147 +198 63102132158188194                                    
57FBABBO09   77730148 +179 64111153172                                          
57FBABBO09   77710149  197 67 98145166184197                                    
57FBABBO09   77720150 +196 57 93144165186                                       
57FBABBO09   77720151 +195 71123147177190                                       
57FBABBO09   77720152 +190 70105144171187                                       
57FBABBO09   77710153 +193 67 99128148171190                                    
57FBABBO09   77710154 +200 62 97153167184196                                    
57FBABBO09   77710155 +218 59 85120153180213                                    
57FBABBO09   77710156 +195 74109134153174187                                    
57FBABBO09   77720157 +206 67112144190200                                       
57FBABBO09   77700158 +232 72115137158181209228                                 
57FBABBO09   77700159 +213 53 91124156194204210                                 
57FBABBO09   77720160 +204 64122154185197                                       
57FBABBO09   77730161 +175 49 92140165                                          
57FBABBO09   77730162 +174 69114150167                                          
57FBABBO09   77700163 +237 75110150199211226234                                 
57FBABBO09   77730164 +162 60124147159                                          
57FBABBO09   77710165 +195 62 97125147169182                                    
57FBABBO09   77720166 +175 60 97126155171                                       
57FBABBO09   77730167 +163 62112143158                                          
57FBABBO09   77740168 +148 64119145                                             
57FBABBO09   77710169 +210 67 96126153200207                                    
57FBABBO09   77700170 +244 66101127160201218238                                 
57FBABBO09   77740171 +127 63101123                                             
57FBABBO09   77700173 +210 61100132157192200206                                 
57FBABBO09   77700174 +238 56 99139190207229235                                 
57FBABBO09   77710175 +215 64107135166188210                                    
57FBABBO09   77720176 +180 57113137165177                                       
57FBABBO09   77730177 +185 71114152175                                          
57FBABBO09   77720178 +187 54 98122156178                                       
57FBABBO09   77740179 +123 58 94119                                             
57FBABBO09   77730180 +180 66120160177                                          
57FBABBO09   77720181 +216 75125178197209                                       
57FBABBO09   77730182 +177 62110153174                                          
57FBABBO09   77740183 +137 56110125                                             
57FBABBO09   77730185 +163 60103147160                                          
57FBABBO09   77740186 +146 52 99139                                             
57FBABBO09   77730187 +185 65123165179                                          
57FBABBO09   77720188 +181 60105135164177                                       
57FBABBO09   77730189 +152 65 99135149                                          
57FBABBO09   77730191 +173 66 99156164                                          
57FBABBO09   77730192 +172 75119152166                                          
57FBABBO09   77690193 +230 79114156186204219221225                              
57FBABBO09   77690194 +237 56 89119156186202222234                              
57FBABBO09   77730195 +160 59105143157                                          
57FBABBO09   77730196 +182 65125143168                                          
57FBABBO09   77720197 +176 66129143163173                                       
57FBABBO09   77690198 +222 62 99134166199210214219                              
57FBABBO09   77690199 +223 62 94126156187201212220                              
57FBABBO09   77720200 +185 68116136160176                                       
57FBABBO09   77740201 +155 56 97138                                             
57FBABBO09   77730202 +178 68124145165                                          
57FBABBO09   77730203 +156 52 79129147                                          
57FBABBO09   77730204 +161 60105141158                                          
57FBABBO09   77720205 +190 71108142172185                                       
57FBABBO09   77720206 +182 63118140165176                                       
57FBABBO09   77710207 +180 66111146158171177                                    
57FBABBO09   77710208 +230 62118176193212225                                    
57FBABBO09   77740209 +137 58 95127                                             
57FBABBO09   77720211 +225 76122162202216                                       
57FBABBO09   77740212 +128 47 75111                                             
57FBABBO09   77730213 +157 59 92133152                                          
57FBABBO09   77720214 +205 63103144172195                                       
57FBABBO09   77730217 +158 65118145155                                          
57FBABBO09   77720218 +173 69100151159169                                       
57FBABBO09   77720219 +176 72127150166174                                       
57FBABBO09   77730220 +163 66110135155                                          
57FBABBO09   77700222 +208 61 87115150188201205                                 
57FBABBO09   77710223 +199 52 89130167181189                                    
57FBABBO09   77700224 +192 50 84121155174187190                                 
57FBABBO09   77730225 +185 58 96134164                                          
57FBABBO09   77720226 +163 55 90123151161                                       
57FBABBO09   77730227 +195 68112160185                                          
57FBABBO09   77700228 +219 58117146184197209217                                 
57FBABBO09   77720229 +175 71109133157172                                       
57FBABBO09   77720230 +185 59105133164182                                       
57FBABBO09   77730231 +160 53107140158                                          
57FBABBO09   77720232 +180 70120142164178                                       
57FBABBO09   77700233 +240 59 91124151195216231                                 
57FBABBO09   77700234 +224 76 99134168183203222                                 
57FBABBO09   77710235 +189 56 81120164179183                                    
57FBABBO09   77720236 +179 53119156173177                                       
57FBABBO09   77730237 +160 63108142156                                          
57FBABBO09   77710238 +179 58 98128145163176                                    
57FBABBO09   77710241 +185 60109140163181183                                    
57FBABBO09   77720242 +215 68120167188209                                       
57FBABBO09   77690243 +235 54 92116156201214227232                              
57FBABBO09   77720244 +193 64108136170189                                       
57FBABBO09   77720245 +188 73126145171181                                       
57FBABBO09   77730246 +163 64107129153                                          
57FBABBO09   77710247 +224 74104140193211219                                    
57FBABBO09   77740248 +134 69105129                                             
57FBABBO09   77730250 +177 65102141167                                          
57FBABBO09   77720251 +185 63 99153164177                                       
57FBABBO09   77720252 +195 71114143172188                                       
57FBABBO09   77720253 +165 66105126148162                                       
57FBABBO09   77720254 +195 62117144170192                                       
57FBABBO09   77710255  224 72111160195213224                                    
57FBABBO09   77700257 +215 75127148171195204212                                 
57FBABBO09   77730258 +165 57100142162                                          
57FBABBO09   77710259 +227 78120154179206223                                    
57FBABBO09   77710260 +222 51 99123176209219                                    
57FBABBO09   77720261 +213 75125150201204                                       
57FBABBO09   77730262 +172 65118148163                                          
57FBABBO09   77730263 +185 78127163182                                          
57FBABBO09   77700264 +233 59105147192210218230                                 
57FBABBO09   77700265 +204 78 99132171186194201                                 
57FBABBO09   77710267 +211 53109164182197207                                    
57FBABBO09   77710268 +198 59117143179189196                                    
57FBABBO09   77730269 +198 78127169188                                          
57FBABBO09   77700270 +197 69110141167180187194                                 
57FBABBO09   77720271 +206 60109144174199                                       
57FBABBO09   77720272 +213 55100128151166                                       
57FBABBO09   77700273 +224 59 96130171194212221                                 
57FBABBO09   77730274 +158 66105142154                                          
57FBABBO09   77720275 +177 59116139162174                                       
57FBABBO09   77730276 +182 62115158177                                          
57FBABBO09   77720277 +192 65129153173180                                       
57FBABBO09   77710278 +187 57105152165177184                                    
57FBABBO09   77700279 +230 65 97142176207214227                                 
57FBABBO09   77730280 +175 57105146168                                          
57FBABBO09   77700281 +204 62 88117162180189200                                 
57FBABBO09   77710282 +202 63 95123155179199                                    
57FBABBO09   77720283 +174 63104143164171                                       
57FBABBO09   77730284 +175 61108149167                                          
57FBABBO09   77700285 +225 68110146183198212222                                 
57FBABBO09   77700286 +225 64 89120154198212223                                 
57FBABBO09   77740287 +128 60 98119                                             
57FBABBO09   77710288 +213 69124172185202209                                    
57FBABBO09   77720289 +163 61111145157160                                       
57FBABBO09   77690290 +230 66104134160195211219227                              
57FBABBO09   77720291 +195 65125142172191                                       
57FBABBO09   77730292 +168 58100142162                                          
57FBABBO09   77690293 +227 62 99124151189209217224                              
57FBABBO09   77720294 +201 64123144167197                                       
57FBABBO09   77700295 +215 53 92134161192207212                                 
57FBABBO09   77720296 +196 56112139173193                                       
57FBABBO09   77720297 +177 61118145162173                                       
57FBABBO09   77720298 +210 61111137181201                                       
57FBABBO09   77730299 +160 67128150157                                          
57FBABBO09   77720300 +195 56113137172192                                       
57FBABBO09   77720301 +189 56101142161185                                       
57FBABBO09   77720302 +160 54 94129153157                                       
57FBABBO09   77700215 +205 61 81103132171181200                                 
